Title: Allan et al. 1989 (see Ghiorso 1997)

Liquid Composition:
Pressure Temperature mass SiO2 TiO2 Al2O3 Fe2O3 Cr2O3 FeO MgO CaO Na2O K2O P2O5 H2O 
14000.00 1850.00 100.349001 48.5107 1.00649 17.5786 0.876965 0.0298957 7.57255 9.06835 12.4067 2.64078 0.0298957 0.0797218 0.199304
15000.00 1853.23 100.349001 48.5107 1.00649 17.5786 0.876965 0.0298957 7.57255 9.06835 12.4067 2.64078 0.0298957 0.0797218 0.199304
16000.00 1856.46 100.349001 48.5107 1.00649 17.5786 0.876965 0.0298957 7.57255 9.06835 12.4067 2.64078 0.0298957 0.0797218 0.199304
17000.00 1859.72 100.349001 48.5107 1.00649 17.5786 0.876965 0.0298957 7.57255 9.06835 12.4067 2.64078 0.0298957 0.0797218 0.199304
18000.00 1862.98 100.349001 48.5107 1.00649 17.5786 0.876965 0.0298957 7.57255 9.06835 12.4067 2.64078 0.0298957 0.0797218 0.199304
19000.00 1866.25 100.349001 48.5107 1.00649 17.5786 0.876965 0.0298957 7.57255 9.06835 12.4067 2.64078 0.0298957 0.0797218 0.199304
20000.00 1869.54 100.349001 48.5107 1.00649 17.5786 0.876965 0.0298957 7.57255 9.06835 12.4067 2.64078 0.0298957 0.0797218 0.199304
21000.00 1872.85 100.349001 48.5107 1.00649 17.5786 0.876965 0.0298957 7.57255 9.06835 12.4067 2.64078 0.0298957 0.0797218 0.199304
22000.00 1876.16 100.349001 48.5107 1.00649 17.5786 0.876965 0.0298957 7.57255 9.06835 12.4067 2.64078 0.0298957 0.0797218 0.199304
23000.00 1879.49 100.349001 48.5107 1.00649 17.5786 0.876965 0.0298957 7.57255 9.06835 12.4067 2.64078 0.0298957 0.0797218 0.199304
24000.00 1882.84 100.349001 48.5107 1.00649 17.5786 0.876965 0.0298957 7.57255 9.06835 12.4067 2.64078 0.0298957 0.0797218 0.199304
25000.00 1886.20 100.349001 48.5107 1.00649 17.5786 0.876965 0.0298957 7.57255 9.06835 12.4067 2.64078 0.0298957 0.0797218 0.199304
26000.00 1889.58 100.349001 48.5107 1.00649 17.5786 0.876965 0.0298957 7.57255 9.06835 12.4067 2.64078 0.0298957 0.0797218 0.199304
27000.00 1892.98 100.349001 48.5107 1.00649 17.5786 0.876965 0.0298957 7.57255 9.06835 12.4067 2.64078 0.0298957 0.0797218 0.199304
28000.00 1896.39 100.349001 48.5107 1.00649 17.5786 0.876965 0.0298957 7.57255 9.06835 12.4067 2.64078 0.0298957 0.0797218 0.199304
29000.00 1899.82 100.349001 48.5107 1.00649 17.5786 0.876965 0.0298957 7.57255 9.06835 12.4067 2.64078 0.0298957 0.0797218 0.199304
30000.00 1911.58 98.361901 48.6389 1.02682 17.4519 0.894681 0.0304996 7.57775 8.89123 12.479 2.69413 0.0304996 0.0813323 0.203331
31000.00 1924.54 96.129742 48.7897 1.05066 17.3036 0.915456 0.0312078 7.58328 8.68671 12.5602 2.75669 0.0312078 0.0832209 0.208052
32000.00 1937.25 93.997556 48.941 1.0745 17.1557 0.936222 0.0319157 7.5881 8.48552 12.638 2.81922 0.0319157 0.0851086 0.212771
33000.00 1949.72 91.959768 49.0927 1.09831 17.0082 0.956968 0.032623 7.59214 8.28759 12.7126 2.8817 0.032623 0.0869946 0.217486
34000.00 1961.95 90.011210 49.2448 1.12208 16.8613 0.977684 0.0333292 7.59533 8.09283 12.7842 2.94408 0.0333292 0.0888778 0.222195
35000.00 1973.96 88.147081 49.397 1.14581 16.7149 0.99836 0.034034 7.59761 7.90119 12.8531 3.00634 0.034034 0.0907574 0.226894
36000.00 1985.75 86.362914 49.5494 1.16948 16.5691 1.01899 0.0347371 7.5989 7.7126 12.9194 3.06845 0.0347371 0.0926324 0.231581
37000.00 1997.33 84.654547 49.7018 1.19308 16.4241 1.03955 0.0354381 7.59916 7.52701 12.9833 3.13037 0.0354381 0.0945017 0.236254
38000.00 2008.71 83.018092 49.8541 1.2166 16.2798 1.06004 0.0361367 7.59835 7.34439 13.0451 3.19208 0.0361367 0.0963645 0.240911
39000.00 2019.89 81.449917 50.0063 1.24003 16.1364 1.08045 0.0368324 7.59641 7.16469 13.1048 3.25353 0.0368324 0.0982199 0.24555
40000.00 2030.88 79.946622 50.1581 1.26334 15.9938 1.10077 0.037525 7.59332 6.98789 13.1627 3.31471 0.037525 0.100067 0.250167
Title: Allan et al. 1989 (see Ghiorso 1997)

liquid_0 thermodynamic data and composition:
Pressure Temperature mass S H V Cp viscosity SiO2 TiO2 Al2O3 Fe2O3 Cr2O3 FeO MgO CaO Na2O K2O P2O5 H2O Mg#
14000.00 1850.00 100.349001 300.744744 -1146441.196482 36.189312 153.188791 0.898 48.5107 1.00649 17.5786 0.876965 0.0298957 7.57255 9.06835 12.4067 2.64078 0.0298957 0.0797218 0.199304 68.1
15000.00 1853.23 100.349001 300.744744 -1142828.616720 36.062795 153.084293 0.889 48.5107 1.00649 17.5786 0.876965 0.0298957 7.57255 9.06835 12.4067 2.64078 0.0298957 0.0797218 0.199304 68.1
16000.00 1856.46 100.349001 300.744744 -1139228.537494 35.939279 152.969499 0.881 48.5107 1.00649 17.5786 0.876965 0.0298957 7.57255 9.06835 12.4067 2.64078 0.0298957 0.0797218 0.199304 68.1
17000.00 1859.72 100.349001 300.744744 -1135640.665323 35.818633 152.844291 0.872 48.5107 1.00649 17.5786 0.876965 0.0298957 7.57255 9.06835 12.4067 2.64078 0.0298957 0.0797218 0.199304 68.1
18000.00 1862.98 100.349001 300.744744 -1132064.719340 35.700735 152.708567 0.863 48.5107 1.00649 17.5786 0.876965 0.0298957 7.57255 9.06835 12.4067 2.64078 0.0298957 0.0797218 0.199304 68.1
19000.00 1866.25 100.349001 300.744744 -1128500.430405 35.585474 152.562242 0.854 48.5107 1.00649 17.5786 0.876965 0.0298957 7.57255 9.06835 12.4067 2.64078 0.0298957 0.0797218 0.199304 68.1
20000.00 1869.54 100.349001 300.744744 -1124947.540295 35.472742 152.405241 0.845 48.5107 1.00649 17.5786 0.876965 0.0298957 7.57255 9.06835 12.4067 2.64078 0.0298957 0.0797218 0.199304 68.1
21000.00 1872.85 100.349001 300.744744 -1121405.800972 35.362442 152.237499 0.836 48.5107 1.00649 17.5786 0.876965 0.0298957 7.57255 9.06835 12.4067 2.64078 0.0298957 0.0797218 0.199304 68.1
22000.00 1876.16 100.349001 300.744744 -1117874.973918 35.254482 152.058958 0.827 48.5107 1.00649 17.5786 0.876965 0.0298957 7.57255 9.06835 12.4067 2.64078 0.0298957 0.0797218 0.199304 68.1
23000.00 1879.49 100.349001 300.744744 -1114354.829522 35.148775 151.869566 0.818 48.5107 1.00649 17.5786 0.876965 0.0298957 7.57255 9.06835 12.4067 2.64078 0.0298957 0.0797218 0.199304 68.1
24000.00 1882.84 100.349001 300.744744 -1110845.146517 35.045241 151.669272 0.809 48.5107 1.00649 17.5786 0.876965 0.0298957 7.57255 9.06835 12.4067 2.64078 0.0298957 0.0797218 0.199304 68.1
25000.00 1886.20 100.349001 300.744744 -1107345.711474 34.943803 151.458029 0.801 48.5107 1.00649 17.5786 0.876965 0.0298957 7.57255 9.06835 12.4067 2.64078 0.0298957 0.0797218 0.199304 68.1
26000.00 1889.58 100.349001 300.744744 -1103856.318322 34.844391 151.235790 0.792 48.5107 1.00649 17.5786 0.876965 0.0298957 7.57255 9.06835 12.4067 2.64078 0.0298957 0.0797218 0.199304 68.1
27000.00 1892.98 100.349001 300.744744 -1100376.767914 34.746938 151.002509 0.783 48.5107 1.00649 17.5786 0.876965 0.0298957 7.57255 9.06835 12.4067 2.64078 0.0298957 0.0797218 0.199304 68.1
28000.00 1896.39 100.349001 300.744744 -1096906.867622 34.651379 150.758136 0.774 48.5107 1.00649 17.5786 0.876965 0.0298957 7.57255 9.06835 12.4067 2.64078 0.0298957 0.0797218 0.199304 68.1
29000.00 1899.82 100.349001 300.744744 -1093446.430961 34.557655 150.502621 0.765 48.5107 1.00649 17.5786 0.876965 0.0298957 7.57255 9.06835 12.4067 2.64078 0.0298957 0.0797218 0.199304 68.1
30000.00 1911.58 98.361901 295.463798 -1066340.104515 33.820280 147.066834 0.746 48.6389 1.02682 17.4519 0.894681 0.0304996 7.57775 8.89123 12.479 2.69413 0.0304996 0.0813323 0.203331 67.6
31000.00 1924.54 96.129742 289.503524 -1036523.906985 33.007984 143.238657 0.726 48.7897 1.05066 17.3036 0.915456 0.0312078 7.58328 8.68671 12.5602 2.75669 0.0312078 0.0832209 0.208052 67.1
32000.00 1937.25 93.997556 283.781886 -1008105.149679 32.232776 139.568715 0.706 48.941 1.0745 17.1557 0.936222 0.0319157 7.5881 8.48552 12.638 2.81922 0.0319157 0.0851086 0.212771 66.6
33000.00 1949.72 91.959768 278.287129 -981002.113537 31.492561 136.047708 0.688 49.0927 1.09831 17.0082 0.956968 0.032623 7.59214 8.28759 12.7126 2.8817 0.032623 0.0869946 0.217486 66.0
34000.00 1961.95 90.011210 273.008270 -955139.114049 30.785394 132.666995 0.670 49.2448 1.12208 16.8613 0.977684 0.0333292 7.59533 8.09283 12.7842 2.94408 0.0333292 0.0888778 0.222195 65.5
35000.00 1973.96 88.147081 267.935024 -930445.935524 30.109471 129.418529 0.652 49.397 1.14581 16.7149 0.99836 0.034034 7.59761 7.90119 12.8531 3.00634 0.034034 0.0907574 0.226894 64.9
36000.00 1985.75 86.362914 263.057744 -906857.331412 29.463112 126.294805 0.636 49.5494 1.16948 16.5691 1.01899 0.0347371 7.5989 7.7126 12.9194 3.06845 0.0347371 0.0926324 0.231581 64.4
37000.00 1997.33 84.654547 258.367370 -884312.581446 28.844753 123.288805 0.619 49.7018 1.19308 16.4241 1.03955 0.0354381 7.59916 7.52701 12.9833 3.13037 0.0354381 0.0945017 0.236254 63.8
38000.00 2008.71 83.018092 253.855375 -862755.097849 28.252933 120.393956 0.604 49.8541 1.2166 16.2798 1.06004 0.0361367 7.59835 7.34439 13.0451 3.19208 0.0361367 0.0963645 0.240911 63.2
39000.00 2019.89 81.449917 249.513729 -842132.074100 27.686289 117.604088 0.589 50.0063 1.24003 16.1364 1.08045 0.0368324 7.59641 7.16469 13.1048 3.25353 0.0368324 0.0982199 0.24555 62.7
40000.00 2030.88 79.946622 245.334856 -822394.170741 27.143544 114.913401 0.574 50.1581 1.26334 15.9938 1.10077 0.037525 7.59332 6.98789 13.1627 3.31471 0.037525 0.100067 0.250167 62.1

garnet_0 thermodynamic data and composition:
Pressure Temperature mass S H V Cp formula SiO2 TiO2 Al2O3 Fe2O3 Cr2O3 FeO MgO CaO Na2O K2O P2O5 H2O
30000.00 1911.58 1.987100 5.280946 -23658.959279 0.557598 2.440715 (Ca0.22Fe''0.15Mg0.63)3Al2Si3O12 42.1671 0 23.8521 0 0 7.31504 17.8361 8.82969 0 0 0 0
31000.00 1924.54 4.219259 11.241220 -50046.748352 1.183837 5.180720 (Ca0.23Fe''0.15Mg0.63)3Al2Si3O12 42.1546 0 23.845 0 0 7.32812 17.7636 8.90864 0 0 0 0
32000.00 1937.25 6.351445 16.962858 -75055.253626 1.781879 7.796094 (Ca0.23Fe''0.15Mg0.63)3Al2Si3O12 42.1424 0 23.8382 0 0 7.34238 17.6939 8.98314 0 0 0 0
33000.00 1949.72 8.389233 22.457615 -98765.332419 2.353280 10.293702 (Ca0.23Fe''0.15Mg0.62)3Al2Si3O12 42.1306 0 23.8314 0 0 7.35774 17.6268 9.05342 0 0 0 0
34000.00 1961.95 10.337791 27.736474 -121251.859485 2.899483 12.679919 (Ca0.23Fe''0.15Mg0.62)3Al2Si3O12 42.119 0 23.8249 0 0 7.37415 17.5622 9.11971 0 0 0 0
35000.00 1973.96 12.201920 32.809720 -142584.288856 3.421830 14.960669 (Ca0.23Fe''0.15Mg0.62)3Al2Si3O12 42.1077 0 23.8185 0 0 7.39152 17.5 9.1822 0 0 0 0
36000.00 1985.75 13.986086 37.687000 -162827.149997 3.921572 17.141475 (Ca0.24Fe''0.15Mg0.62)3Al2Si3O12 42.0967 0 23.8123 0 0 7.40982 17.44 9.24109 0 0 0 0
37000.00 1997.33 15.694454 42.377374 -182040.487443 4.399875 19.227488 (Ca0.24Fe''0.15Mg0.62)3Al2Si3O12 42.086 0 23.8062 0 0 7.42898 17.3822 9.29657 0 0 0 0
38000.00 2008.71 17.330909 46.889369 -200280.251661 4.857829 21.223520 (Ca0.24Fe''0.15Mg0.61)3Al2Si3O12 42.0755 0 23.8003 0 0 7.44895 17.3264 9.3488 0 0 0 0
39000.00 2019.89 18.899084 51.231015 -217598.647600 5.296452 23.134077 (Ca0.24Fe''0.15Mg0.61)3Al2Si3O12 42.0653 0 23.7945 0 0 7.46968 17.2726 9.39794 0 0 0 0
40000.00 2030.88 20.402378 55.409888 -234044.446423 5.716700 24.963378 (Ca0.24Fe''0.15Mg0.61)3Al2Si3O12 42.0552 0 23.7888 0 0 7.49114 17.2206 9.44415 0 0 0 0

Title: Allan et al. 1989 (see Ghiorso 1997)

Phase Masses:
Pressure Temperature mass liquid_0 garnet_0 
14000.00 1850.00 100.349001 100.349001 0.000000 
15000.00 1853.23 100.349001 100.349001 0.000000 
16000.00 1856.46 100.349001 100.349001 0.000000 
17000.00 1859.72 100.349001 100.349001 0.000000 
18000.00 1862.98 100.349001 100.349001 0.000000 
19000.00 1866.25 100.349001 100.349001 0.000000 
20000.00 1869.54 100.349001 100.349001 0.000000 
21000.00 1872.85 100.349001 100.349001 0.000000 
22000.00 1876.16 100.349001 100.349001 0.000000 
23000.00 1879.49 100.349001 100.349001 0.000000 
24000.00 1882.84 100.349001 100.349001 0.000000 
25000.00 1886.20 100.349001 100.349001 0.000000 
26000.00 1889.58 100.349001 100.349001 0.000000 
27000.00 1892.98 100.349001 100.349001 0.000000 
28000.00 1896.39 100.349001 100.349001 0.000000 
29000.00 1899.82 100.349001 100.349001 0.000000 
30000.00 1911.58 100.349001 98.361901 1.987100 
31000.00 1924.54 100.349001 96.129742 4.219259 
32000.00 1937.25 100.349001 93.997556 6.351445 
33000.00 1949.72 100.349001 91.959768 8.389233 
34000.00 1961.95 100.349001 90.011210 10.337791 
35000.00 1973.96 100.349001 88.147081 12.201920 
36000.00 1985.75 100.349001 86.362914 13.986086 
37000.00 1997.33 100.349001 84.654547 15.694454 
38000.00 2008.71 100.349001 83.018092 17.330909 
39000.00 2019.89 100.349001 81.449917 18.899084 
40000.00 2030.88 100.349001 79.946622 20.402378 

Title: Allan et al. 1989 (see Ghiorso 1997)

Phase Volumes:
Pressure Temperature mass V liquid_0 garnet_0 
14000.00 1850.00 100.349001 36.189312 36.189312 0.000000 
15000.00 1853.23 100.349001 36.062795 36.062795 0.000000 
16000.00 1856.46 100.349001 35.939279 35.939279 0.000000 
17000.00 1859.72 100.349001 35.818633 35.818633 0.000000 
18000.00 1862.98 100.349001 35.700735 35.700735 0.000000 
19000.00 1866.25 100.349001 35.585474 35.585474 0.000000 
20000.00 1869.54 100.349001 35.472742 35.472742 0.000000 
21000.00 1872.85 100.349001 35.362442 35.362442 0.000000 
22000.00 1876.16 100.349001 35.254482 35.254482 0.000000 
23000.00 1879.49 100.349001 35.148775 35.148775 0.000000 
24000.00 1882.84 100.349001 35.045241 35.045241 0.000000 
25000.00 1886.20 100.349001 34.943803 34.943803 0.000000 
26000.00 1889.58 100.349001 34.844391 34.844391 0.000000 
27000.00 1892.98 100.349001 34.746938 34.746938 0.000000 
28000.00 1896.39 100.349001 34.651379 34.651379 0.000000 
29000.00 1899.82 100.349001 34.557655 34.557655 0.000000 
30000.00 1911.58 100.349001 34.377878 33.820280 0.557598 
31000.00 1924.54 100.349001 34.191821 33.007984 1.183837 
32000.00 1937.25 100.349001 34.014655 32.232776 1.781879 
33000.00 1949.72 100.349001 33.845841 31.492561 2.353280 
34000.00 1961.95 100.349001 33.684877 30.785394 2.899483 
35000.00 1973.96 100.349001 33.531301 30.109471 3.421830 
36000.00 1985.75 100.349001 33.384684 29.463112 3.921572 
37000.00 1997.33 100.349001 33.244628 28.844753 4.399875 
38000.00 2008.71 100.349001 33.110762 28.252933 4.857829 
39000.00 2019.89 100.349001 32.982741 27.686289 5.296452 
40000.00 2030.88 100.349001 32.860245 27.143544 5.716700 

Title: Allan et al. 1989 (see Ghiorso 1997)

Solid Composition:
Pressure Temperature mass SiO2 TiO2 Al2O3 Fe2O3 Cr2O3 FeO MgO CaO Na2O K2O P2O5 H2O 
14000.00 1850.00 0.000000 ---
15000.00 1853.23 0.000000 ---
16000.00 1856.46 0.000000 ---
17000.00 1859.72 0.000000 ---
18000.00 1862.98 0.000000 ---
19000.00 1866.25 0.000000 ---
20000.00 1869.54 0.000000 ---
21000.00 1872.85 0.000000 ---
22000.00 1876.16 0.000000 ---
23000.00 1879.49 0.000000 ---
24000.00 1882.84 0.000000 ---
25000.00 1886.20 0.000000 ---
26000.00 1889.58 0.000000 ---
27000.00 1892.98 0.000000 ---
28000.00 1896.39 0.000000 ---
29000.00 1899.82 0.000000 ---
30000.00 1911.58 1.987100 42.1671 3.34805e-13 23.8521 1.77818e-11 2.07322e-15 7.31504 17.8361 8.82969 -2.59714e-13 3.08396e-15 9.99077e-14 0
31000.00 1924.54 4.219259 42.1546 1.60965e-13 23.845 8.37449e-12 1.07404e-15 7.32812 17.7636 8.90864 -1.22315e-13 1.45242e-15 4.70525e-14 0
32000.00 1937.25 6.351445 42.1424 1.06929e-13 23.8382 5.56316e-12 7.13487e-16 7.34238 17.6939 8.98314 -8.12537e-14 9.64841e-16 3.12569e-14 0
33000.00 1949.72 8.389233 42.1306 8.09551e-14 23.8314 4.21184e-12 5.40177e-16 7.35774 17.6268 9.05342 -6.15168e-14 6.69603e-16 2.40313e-14 0
34000.00 1961.95 10.337791 42.119 6.5696e-14 23.8249 3.41796e-12 4.3836e-16 7.37415 17.5622 9.11971 -4.99215e-14 5.4339e-16 1.9204e-14 0
35000.00 1973.96 12.201920 42.1077 5.56594e-14 23.8185 2.89578e-12 3.7139e-16 7.39152 17.5 9.1822 -4.22948e-14 4.18522e-16 1.62701e-14 0
36000.00 1985.75 13.986086 42.0967 4.85591e-14 23.8123 2.52638e-12 3.24013e-16 7.40982 17.44 9.24109 -3.68994e-14 3.65133e-16 1.41946e-14 0
37000.00 1997.33 15.694454 42.086 4.32733e-14 23.8062 2.25138e-12 2.88744e-16 7.42898 17.3822 9.29657 -3.28828e-14 3.25387e-16 1.26495e-14 0
38000.00 2008.71 17.330909 42.0755 3.91873e-14 23.8003 2.03879e-12 2.61479e-16 7.44895 17.3264 9.3488 -2.97779e-14 2.94663e-16 1.15439e-14 0
39000.00 2019.89 18.899084 42.0653 3.59357e-14 23.7945 1.86962e-12 2.39783e-16 7.46968 17.2726 9.39794 -2.73071e-14 2.70213e-16 1.06674e-14 0
40000.00 2030.88 20.402378 42.0552 3.26085e-14 23.7888 1.73186e-12 2.42307e-16 7.49114 17.2206 9.44415 -2.5295e-14 2.50303e-16 9.88142e-15 0
Title: Allan et al. 1989 (see Ghiorso 1997)

Bulk Composition:
Pressure Temperature mass SiO2 TiO2 Al2O3 Fe2O3 Cr2O3 FeO MgO CaO Na2O K2O P2O5 H2O 
14000.00 1850.00 100.349001 48.5107 1.00649 17.5786 0.876965 0.0298957 7.57255 9.06835 12.4067 2.64078 0.0298957 0.0797218 0.199304
15000.00 1853.23 100.349001 48.5107 1.00649 17.5786 0.876965 0.0298957 7.57255 9.06835 12.4067 2.64078 0.0298957 0.0797218 0.199304
16000.00 1856.46 100.349001 48.5107 1.00649 17.5786 0.876965 0.0298957 7.57255 9.06835 12.4067 2.64078 0.0298957 0.0797218 0.199304
17000.00 1859.72 100.349001 48.5107 1.00649 17.5786 0.876965 0.0298957 7.57255 9.06835 12.4067 2.64078 0.0298957 0.0797218 0.199304
18000.00 1862.98 100.349001 48.5107 1.00649 17.5786 0.876965 0.0298957 7.57255 9.06835 12.4067 2.64078 0.0298957 0.0797218 0.199304
19000.00 1866.25 100.349001 48.5107 1.00649 17.5786 0.876965 0.0298957 7.57255 9.06835 12.4067 2.64078 0.0298957 0.0797218 0.199304
20000.00 1869.54 100.349001 48.5107 1.00649 17.5786 0.876965 0.0298957 7.57255 9.06835 12.4067 2.64078 0.0298957 0.0797218 0.199304
21000.00 1872.85 100.349001 48.5107 1.00649 17.5786 0.876965 0.0298957 7.57255 9.06835 12.4067 2.64078 0.0298957 0.0797218 0.199304
22000.00 1876.16 100.349001 48.5107 1.00649 17.5786 0.876965 0.0298957 7.57255 9.06835 12.4067 2.64078 0.0298957 0.0797218 0.199304
23000.00 1879.49 100.349001 48.5107 1.00649 17.5786 0.876965 0.0298957 7.57255 9.06835 12.4067 2.64078 0.0298957 0.0797218 0.199304
24000.00 1882.84 100.349001 48.5107 1.00649 17.5786 0.876965 0.0298957 7.57255 9.06835 12.4067 2.64078 0.0298957 0.0797218 0.199304
25000.00 1886.20 100.349001 48.5107 1.00649 17.5786 0.876965 0.0298957 7.57255 9.06835 12.4067 2.64078 0.0298957 0.0797218 0.199304
26000.00 1889.58 100.349001 48.5107 1.00649 17.5786 0.876965 0.0298957 7.57255 9.06835 12.4067 2.64078 0.0298957 0.0797218 0.199304
27000.00 1892.98 100.349001 48.5107 1.00649 17.5786 0.876965 0.0298957 7.57255 9.06835 12.4067 2.64078 0.0298957 0.0797218 0.199304
28000.00 1896.39 100.349001 48.5107 1.00649 17.5786 0.876965 0.0298957 7.57255 9.06835 12.4067 2.64078 0.0298957 0.0797218 0.199304
29000.00 1899.82 100.349001 48.5107 1.00649 17.5786 0.876965 0.0298957 7.57255 9.06835 12.4067 2.64078 0.0298957 0.0797218 0.199304
30000.00 1911.58 100.349001 48.5107 1.00649 17.5786 0.876965 0.0298957 7.57255 9.06835 12.4067 2.64078 0.0298957 0.0797218 0.199304
31000.00 1924.54 100.349001 48.5107 1.00649 17.5786 0.876965 0.0298957 7.57255 9.06835 12.4067 2.64078 0.0298957 0.0797218 0.199304
32000.00 1937.25 100.349001 48.5107 1.00649 17.5786 0.876965 0.0298957 7.57255 9.06835 12.4067 2.64078 0.0298957 0.0797218 0.199304
33000.00 1949.72 100.349001 48.5107 1.00649 17.5786 0.876965 0.0298957 7.57255 9.06835 12.4067 2.64078 0.0298957 0.0797218 0.199304
34000.00 1961.95 100.349001 48.5107 1.00649 17.5786 0.876965 0.0298957 7.57255 9.06835 12.4067 2.64078 0.0298957 0.0797218 0.199304
35000.00 1973.96 100.349001 48.5107 1.00649 17.5786 0.876965 0.0298957 7.57255 9.06835 12.4067 2.64078 0.0298957 0.0797218 0.199304
36000.00 1985.75 100.349001 48.5107 1.00649 17.5786 0.876965 0.0298957 7.57255 9.06835 12.4067 2.64078 0.0298957 0.0797218 0.199304
37000.00 1997.33 100.349001 48.5107 1.00649 17.5786 0.876965 0.0298957 7.57255 9.06835 12.4067 2.64078 0.0298957 0.0797218 0.199304
38000.00 2008.71 100.349001 48.5107 1.00649 17.5786 0.876965 0.0298957 7.57255 9.06835 12.4067 2.64078 0.0298957 0.0797218 0.199304
39000.00 2019.89 100.349001 48.5107 1.00649 17.5786 0.876965 0.0298957 7.57255 9.06835 12.4067 2.64078 0.0298957 0.0797218 0.199304
40000.00 2030.88 100.349001 48.5107 1.00649 17.5786 0.876965 0.0298957 7.57255 9.06835 12.4067 2.64078 0.0298957 0.0797218 0.199304
