99995.3 1625.48
99697.6 1625.01
99399.9 1624.54
99102.2 1624.07
98804.6 1623.61
98506.9 1623.14
98209.3 1622.67
97911.7 1622.2
97614.1 1621.73
97316.5 1621.27
97018.9 1620.8
96721.4 1620.33
96423.8 1619.86
96126.3 1619.4
95828.8 1618.93
95531.3 1618.46
95233.8 1617.99
94936.3 1617.52
94638.9 1617.05
94341.5 1616.59
94044.1 1616.12
93746.7 1615.65
93449.3 1615.18
93151.9 1614.71
92854.6 1614.24
92557.2 1613.77
92259.9 1613.31
91962.6 1612.84
91665.3 1612.37
91368 1611.9
91070.8 1611.43
90773.5 1610.96
90476.3 1610.49
90179.1 1610.02
89881.9 1609.56
89584.7 1609.09
89287.6 1608.62
88990.4 1608.15
88693.3 1607.68
88396.2 1607.21
88099.1 1606.74
87802 1606.27
87505 1605.8
87207.9 1605.33
86910.9 1604.86
86613.9 1604.39
86316.8 1603.92
86019.9 1603.46
85722.9 1602.99
85425.9 1602.52
85129 1602.05
84832.1 1601.58
84535.2 1601.11
84238.3 1600.64
83941.4 1600.17
83644.5 1599.7
83347.7 1599.23
83050.9 1598.76
82754.1 1598.29
82457.3 1597.82
82160.5 1597.35
81863.7 1596.88
81567 1596.41
81270.2 1595.94
80973.5 1595.47
80676.8 1595
80380.1 1594.53
80083.5 1594.06
79786.8 1593.59
79490.2 1593.12
79193.6 1592.64
78897 1592.17
78600.4 1591.7
78303.8 1591.23
78007.2 1590.76
77710.7 1590.29
77414.2 1589.82
77117.7 1589.35
76821.2 1588.88
76524.7 1588.41
76228.3 1587.94
75931.8 1587.47
75635.4 1587
75339 1586.52
75042.6 1586.05
74746.2 1585.58
74449.8 1585.11
74153.5 1584.64
73857.1 1584.17
73560.8 1583.7
73264.5 1583.23
72968.3 1582.75
72672 1582.28
72375.7 1581.81
72079.5 1581.34
71783.3 1580.87
71487.1 1580.4
71190.9 1579.92
70894.7 1579.45
70598.6 1578.98
70302.4 1578.51
70006.3 1578.04
69710.2 1577.57
69414.1 1577.09
69118 1576.62
68822 1576.15
68525.9 1575.68
68229.9 1575.21
67933.9 1574.73
67637.9 1574.26
67341.9 1573.79
67046 1573.32
66750 1572.84
66454.1 1572.37
66158.2 1571.9
65862.3 1571.43
65566.4 1570.95
65270.5 1570.48
64974.7 1570.01
64678.9 1569.54
64383.1 1569.06
64087.3 1568.59
63791.5 1568.12
63495.7 1567.64
63200 1567.17
62904.2 1566.7
62608.5 1566.23
62312.8 1565.75
62017.1 1565.28
61721.5 1564.81
61425.8 1564.33
61130.2 1563.86
60834.5 1563.39
60538.9 1562.91
60243.4 1562.44
59947.8 1561.97
59652.2 1561.49
59356.7 1561.02
59061.2 1560.55
58765.7 1560.07
58470.2 1559.6
58174.7 1559.13
57879.2 1558.65
57583.8 1558.18
57288.4 1557.7
56993 1557.23
56697.6 1556.76
56402.2 1556.28
56106.8 1555.81
55811.5 1555.33
55516.2 1554.86
55220.9 1554.39
54925.6 1553.91
54630.3 1553.44
54335 1552.96
54039.8 1552.49
53744.6 1552.01
53449.3 1551.54
53154.2 1551.07
52859 1550.59
52563.8 1550.12
52268.7 1549.64
51973.5 1549.17
51678.4 1548.69
51383.3 1548.22
51088.2 1547.74
50793.2 1547.27
50498.1 1546.79
50203.1 1546.32
49908.1 1545.84
49613.1 1545.37
49318.1 1544.89
49023.1 1544.42
48728.2 1543.94
48433.3 1543.47
48138.4 1542.99
47843.5 1542.52
47548.6 1542.04
47253.7 1541.57
46958.9 1541.09
46664 1540.61
46369.2 1540.14
46074.4 1539.66
45779.6 1539.19
45484.9 1538.71
45190.1 1538.24
44895.4 1537.76
44600.7 1537.28
44306 1536.81
44011.3 1536.33
43716.6 1535.86
43422 1535.38
43127.3 1534.9
42832.7 1534.43
42538.1 1533.95
42243.5 1533.48
41949 1533
41654.4 1532.52
41359.9 1532.05
41065.4 1531.57
40770.9 1531.09
40476.4 1530.62
40181.9 1530.14
39887.5 1529.66
39593 1529.19
39298.6 1528.71
39004.2 1528.23
38709.8 1527.76
38415.4 1527.28
38121.1 1526.8
37826.8 1526.33
37532.4 1525.85
37238.1 1525.37
36943.9 1524.89
36649.6 1524.42
36355.3 1523.94
36061.1 1523.46
35766.9 1522.99
35472.7 1522.51
35178.5 1522.03
34884.3 1521.55
34590.2 1521.08
34296.1 1520.6
34001.9 1520.12
33707.8 1519.64
33413.8 1519.16
33119.7 1518.69
32825.6 1518.21
32531.6 1517.56
32237.6 1507.62
31943.6 1497.6
31649.6 1487.49
31355.6 1477.31
31061.7 1467.05
30767.8 1456.7
30473.9 1446.28
30180 1435.78
29886.1 1425.2
29592.2 1414.54
29298.4 1403.8
29004.5 1392.98
28710.7 1382.08
28416.9 1371.1
28123.1 1360.05
27829.4 1348.91
27535.6 1337.7
27241.9 1326.41
26948.2 1315.04
26654.5 1303.6
26360.8 1292.08
26067.2 1280.48
25773.5 1268.81
25479.9 1257.06
25186.3 1245.23
24892.7 1233.33
24599.1 1221.36
24305.6 1209.31
24012 1197.19
23718.5 1184.99
23425 1172.72
23131.5 1160.38
22838 1147.96
22544.6 1135.47
22251.1 1122.92
21957.7 1110.29
21664.3 1097.59
21370.9 1084.82
21077.5 1071.98
20784.2 1059.07
20490.8 1046.1
20197.5 1033.06
19904.2 1019.95
19610.9 1006.77
19317.6 993.528
19024.4 980.221
18731.2 966.85
18437.9 953.415
18144.7 939.916
17851.6 926.356
17558.4 912.733
17265.2 899.049
16972.1 885.305
16679 871.501
16385.9 857.639
16092.8 843.718
15799.7 829.739
15506.7 815.705
15213.7 801.614
14920.7 787.468
14627.7 773.268
14334.7 759.015
