Title: Allan et al. 1989 (see Ghiorso 1997)

System Thermodynamic Data:
Pressure Temperature mass F phi S H V dVdP*10^6 dVdT*10^6 Cp logfO2(absolute) logfO2-QFM rhol rhos viscosity aH2O chisqr
13931.40 1850.00 100.349185 1.0000000000000000 1.000000 301.519228 -1144514.959733 36.167082 -123.203600 2789.170671 153.199641 -4.922 0.000 2.774600 0.000000 0.898 0.00339048 0.000
13792.00 1834.69 100.349326 1.0000000000000000 1.000000 300.285399 -1147294.608404 36.141782 -124.441358 2787.007040 153.193271 -5.032 0.000 2.776546 0.000000 0.941 0.00335495 0.000
13652.70 1819.38 100.349487 1.0000000000000000 1.000000 299.040942 -1150074.406641 36.116689 -125.673908 2784.861761 153.187214 -5.144 0.000 2.778480 0.000000 0.984 0.00332076 0.000
13513.40 1804.08 100.349668 1.0000000000000000 1.000000 297.786554 -1152853.156718 36.091844 -126.901768 2782.733089 153.181476 -5.258 0.000 2.780397 0.000000 1.028 0.0032879 0.000
13374.10 1788.77 100.349869 1.0000000000000000 1.000000 296.520357 -1155633.938547 36.067190 -128.125368 2780.621636 153.176048 -5.374 0.000 2.782304 0.000000 1.072 0.00325632 0.000
13234.80 1773.46 100.350092 1.0000000000000000 1.000000 295.243004 -1158415.242447 36.042754 -129.344560 2778.527474 153.170936 -5.492 0.000 2.784196 0.000000 1.118 0.00322602 0.000
13095.50 1758.15 100.350338 1.0000000000000000 1.000000 293.954298 -1161197.089659 36.018536 -130.559392 2776.450881 153.166141 -5.612 0.000 2.786075 0.000000 1.164 0.00319699 0.000
12956.20 1742.85 100.350607 1.0000000000000000 1.000000 292.654918 -1163977.971708 35.994564 -131.769736 2774.392038 153.161668 -5.734 0.000 2.787938 0.000000 1.211 0.00316922 0.000
12816.80 1727.54 100.350901 1.0000000000000000 1.000000 291.342935 -1166761.288432 35.970794 -132.976677 2772.349935 153.157514 -5.858 0.000 2.789788 0.000000 1.259 0.00314269 0.000
12677.50 1712.23 100.351220 1.0000000000000000 1.000000 290.018952 -1169544.902402 35.947226 -134.178750 2770.327945 153.153681 -5.985 0.000 2.791626 0.000000 1.308 0.00311738 0.000
12538.20 1696.92 100.351566 1.0000000000000000 1.000000 288.682780 -1172329.154238 35.923875 -135.376686 2768.324825 153.150173 -6.114 0.000 2.793450 0.000000 1.357 0.00309331 0.000
12398.90 1681.62 100.351939 1.0000000000000000 1.000000 287.335106 -1175112.539120 35.900767 -136.570380 2766.340895 153.146996 -6.245 0.000 2.795259 0.000000 1.408 0.00307047 0.000
12259.60 1666.31 100.352341 1.0000000000000000 1.000000 285.973887 -1177898.147047 35.877847 -137.760240 2764.376687 153.144147 -6.378 0.000 2.797056 0.000000 1.459 0.00304883 0.000
12120.30 1651.00 100.352774 1.0000000000000000 1.000000 284.599790 -1180684.476056 35.855141 -138.946167 2762.432560 153.141633 -6.514 0.000 2.798839 0.000000 1.512 0.0030284 0.000
11981.00 1635.69 100.354691 0.9034119499356371 0.915137 280.349485 -1188201.066771 35.419429 -131.751447 2683.111517 149.538443 -6.653 0.000 2.797021 3.224800 1.613 0.00349302 0.000
11841.70 1620.39 100.358228 0.8156651137021529 0.836829 276.370003 -1195235.472572 35.018410 -125.208531 2602.317937 146.273830 -6.794 0.000 2.793390 3.237590 1.724 0.00403212 0.000
11702.30 1605.08 100.362728 0.7370055977057427 0.765610 272.687036 -1201743.379251 34.655320 -119.317839 2521.228350 143.365861 -6.938 0.000 2.787825 3.249458 1.847 0.00464572 0.000
11563.00 1589.77 100.367779 0.6669989716078659 0.701433 269.285677 -1207749.767422 34.329146 -114.045335 2440.878870 140.794517 -7.084 0.000 2.780164 3.260880 1.983 0.00533674 0.000
11423.70 1574.46 100.373002 0.6050464088821168 0.644042 266.139452 -1213299.041141 34.037692 -109.354839 2362.309892 138.530766 -7.234 0.000 2.770330 3.271927 2.133 0.00610759 0.000
11284.40 1559.16 100.375321 0.5438491242222431 0.587720 262.918805 -1218858.065255 33.699413 -104.211719 2267.150886 136.260101 -7.386 0.000 2.756211 3.295498 2.312 0.00710169 0.000
11145.10 1543.85 100.371947 0.4774885582741275 0.526154 259.423665 -1224685.736611 33.284369 -97.631688 2142.030095 133.792727 -7.542 0.000 2.736668 3.325298 2.519 0.00861694 0.000
11005.80 1528.54 100.368796 0.3796599683914623 0.423783 255.635367 -1230910.563136 33.012325 -85.683114 1953.223847 130.787176 -7.700 0.000 2.723789 3.273155 2.618 0.0128222 0.000
10866.50 1513.23 100.366036 0.3053056809201465 0.344885 252.439233 -1236180.390182 32.794522 -76.385150 1808.637427 128.500594 -7.862 0.000 2.709232 3.245350 2.707 0.0185878 0.000
10727.10 1497.93 100.363357 0.2483805149383627 0.283862 249.668002 -1240760.607263 32.613429 -69.128458 1696.490036 126.728979 -8.027 0.000 2.692703 3.229834 2.788 0.0262063 0.000
10587.80 1482.62 100.360589 0.2045668224175479 0.236505 247.208450 -1244829.690150 32.459389 -63.454484 1608.635330 125.335504 -8.196 0.000 2.674348 3.221220 2.863 0.035888 0.000
10448.50 1467.31 100.357651 0.1701202568312344 0.198989 244.982153 -1248512.079478 32.325689 -58.961602 1538.626170 123.373465 -8.368 0.000 2.654174 3.216470 2.937 0.0479466 0.000
10309.20 1452.00 100.354589 0.1432136227711993 0.169464 242.935211 -1251894.730955 32.209645 -55.424762 1482.780703 122.558646 -8.543 0.000 2.633037 3.214146 3.004 0.0623148 0.000
10169.90 1436.70 100.351464 0.1221846069256857 0.146216 241.026393 -1255044.029524 32.108435 -52.641029 1437.914544 121.890743 -8.723 0.000 2.611711 3.213364 3.060 0.0787574 0.000
10030.60 1421.39 100.348314 0.1055108339933874 0.127646 239.217572 -1258019.559767 32.019000 -50.425015 1401.247450 121.331194 -8.906 0.000 2.590554 3.213546 3.103 0.0971018 0.000
9891.26 1406.08 100.345178 0.0921065211959402 0.112606 237.483534 -1260860.997196 31.939192 -48.642367 1370.745751 120.851246 -9.093 0.000 2.569822 3.214332 3.134 0.117395 0.000
9751.95 1390.77 100.342080 0.0811679647804689 0.100241 235.804344 -1263598.823558 31.867227 -47.190846 1344.918313 120.431125 -9.284 0.000 2.549634 3.215502 3.152 0.139354 0.000
9612.63 1375.47 100.338963 0.0712838105441799 0.088914 234.136441 -1266294.475103 31.801459 -45.859973 1320.007269 120.045023 -9.480 0.000 2.529544 3.216224 3.167 0.162903 0.000
9473.32 1360.16 100.335958 0.0635908059481172 0.080085 232.524305 -1268889.264339 31.741266 -44.854246 1300.353366 119.699588 -9.680 0.000 2.509998 3.217737 3.167 0.187934 0.000
9334.01 1344.85 100.333022 0.0570848425490545 0.072565 230.933834 -1271430.598726 31.685700 -44.011575 1282.960253 119.382015 -9.884 0.000 2.490990 3.219363 3.156 0.21409 0.000
9194.69 1329.54 100.330154 0.0515118984526133 0.066078 229.358080 -1273928.523010 31.634059 -43.297877 1267.346338 119.085745 -10.094 0.000 2.472452 3.221052 3.132 0.241221 0.000
9055.38 1314.24 100.327356 0.0466851739142043 0.060420 227.791008 -1276391.473214 31.585763 -42.713517 1259.764765 119.029954 -10.308 0.000 2.454311 3.222778 3.096 0.269172 0.000
8916.07 1298.93 100.324621 0.0424534587063220 0.055424 226.226995 -1278827.012943 31.540301 -42.186398 1246.932773 118.769971 -10.527 0.000 2.436447 3.224517 3.049 0.297856 0.000
8776.75 1283.62 100.321949 0.0387105150370487 0.050975 224.664485 -1281237.305887 31.497389 -41.726802 1235.040762 118.519862 -10.751 0.000 2.418773 3.226249 2.989 0.327125 0.000
8637.44 1268.31 100.319169 0.0353646230171697 0.046971 223.095246 -1283629.887268 31.457020 -41.321450 1223.952484 118.278458 -10.981 0.000 2.401068 3.227925 2.916 0.356812 0.000
8498.13 1253.01 100.316354 0.0323557825137153 0.043347 221.518586 -1286006.778227 31.418684 -40.961815 1213.551162 118.043658 -11.217 0.000 2.383280 3.229573 2.830 0.386771 0.000
8358.81 1237.70 100.313613 0.0296341277780174 0.040048 219.936350 -1288367.379930 31.381990 -40.640828 1203.728395 117.813626 -11.458 0.000 2.365354 3.231210 2.731 0.416883 0.000
8219.50 1222.39 100.310942 0.0271542161709864 0.037022 218.346588 -1290713.832592 31.346778 -40.351704 1194.403675 117.587356 -11.705 0.000 2.347136 3.232830 2.617 0.447019 0.000
8080.19 1207.08 100.308343 0.0248802753702980 0.034229 216.748015 -1293047.503458 31.312931 -40.089187 1185.518889 117.364194 -11.959 0.000 2.328462 3.234427 2.488 0.477032 0.000
7940.87 1191.78 100.305813 0.0227831783836770 0.031639 215.139089 -1295369.999952 31.280335 -39.848930 1177.029991 117.143686 -12.219 0.000 2.309147 3.235998 2.344 0.50677 0.000
7801.56 1176.47 100.303354 0.0208406431777266 0.029224 213.518828 -1297682.121648 31.248899 -39.627649 1168.910752 116.925711 -12.486 0.000 2.288996 3.237541 2.181 0.536061 0.000
7662.24 1161.16 100.300965 0.0190356750772035 0.026968 211.885948 -1299985.100686 31.218534 -39.422987 1161.148571 116.710401 -12.760 0.000 2.267802 3.239059 2.000 0.56472 0.000
7522.93 1145.85 100.298648 0.0173576228613261 0.024859 210.239699 -1302279.389890 31.189161 -39.233717 1153.750529 116.498338 -13.041 0.000 2.245384 3.240557 1.801 0.592539 0.000
7383.62 1130.55 100.296406 0.0158015701875393 0.022893 208.579021 -1304565.860950 31.160694 -39.059802 1146.743005 116.290559 -13.330 0.000 2.221621 3.242044 1.582 0.619302 0.000
7244.30 1115.24 100.293649 0.0138202118295492 0.020257 206.903213 -1306834.995606 31.147113 -38.743620 1135.572050 116.091051 -13.626 0.000 2.196856 3.241152 1.371 0.649939 0.000
7104.99 1099.93 100.289127 0.0049690751359322 0.007355 205.073898 -1309219.160326 31.164001 -34.550077 1035.708522 116.235945 -13.931 0.000 2.174129 3.225844 1.242 0.699027 0.000
6965.68 1084.62 100.285397 0.0010222174459564 0.001527 203.330017 -1311495.505810 31.176200 -32.536167 986.109383 116.217826 -14.245 0.000 2.153413 3.218355 1.114 0.741026 0.000
6826.36 1069.32 100.283105 0.0000000000000000 0.000000 201.612692 -1313740.914108 31.166071 -31.964146 970.285076 116.098802 -14.568 0.000 0.000000 3.217701 1.180 0.75062 0.000
6687.05 1054.01 100.281464 0.0000000000000000 0.000000 199.886678 -1315979.910700 31.146279 -31.974450 968.467405 115.957027 -14.900 0.000 0.000000 3.219693 1.180 0.742063 0.000
6547.74 1038.70 100.279909 0.0000000000000000 0.000000 198.139934 -1318215.411614 31.126811 -31.988886 968.088511 115.858915 -15.241 0.000 0.000000 3.221657 1.180 0.732137 0.000
6408.42 1023.39 100.278438 0.0000000000000000 0.000000 196.370641 -1320448.638732 31.107636 -32.010049 970.030908 115.833970 -15.593 0.000 0.000000 3.223596 1.180 0.720879 0.000
6269.11 1008.08 100.277048 0.0000000000000000 0.000000 194.576805 -1322680.823843 31.088710 -32.042153 975.770284 115.931854 -15.956 0.000 0.000000 3.225513 1.180 0.708347 0.000
6129.80 992.78 100.275738 0.0000000000000000 0.000000 192.754968 -1324914.660865 31.069955 -32.090683 987.301374 116.219907 -16.330 0.000 0.000000 3.227418 1.180 0.694624 0.000
5990.48 977.47 100.274765 0.0000000000000000 0.000000 190.882550 -1327175.735815 31.046954 -32.160432 1004.827344 116.683225 -16.715 0.000 0.000000 3.229778 1.180 0.667733 0.000
5851.17 962.16 100.274346 0.0000000000000000 0.000000 188.938689 -1329486.266671 31.014988 -32.226759 1018.459406 116.965968 -17.113 0.000 0.000000 3.233093 1.180 0.618021 0.000
