'Ocean concentrations in mol/(kg H2O)'
'Time (Gyr)' 	 'Mocean (kg)' 	 'Mriver (kg)' 	 'Seafloor weathering volume (m3)' 	 'Ocean pH' 	 'Seawater-seafloor equil pH' 	 'Ocean log f(O2) at Tsurf0' 	 'Rain pH' 	 'Ox C(aq)' 	 'Red C(aq)' 	 Mg(aq) 	 Ca(aq) 	 Fe(aq) 	 Si(aq) 	 Na(aq) 	 S(aq) 	 Cl(aq)
0 	 1.4e+21 	 0 	 0 	 0 	 8.43461 	 -49.5678 	 0 	 0.00283346 	 0 	 0 	 0 	 0 	 0 	 0 	 0 	 0
0.6002 	 1.4e+21 	 0 	 0 	 0 	 8.43461 	 -49.5678 	 0 	 0.00283346 	 0 	 0 	 0 	 0 	 0 	 0 	 0 	 0
0.6004 	 1.4e+21 	 0 	 0 	 0 	 8.43461 	 -49.5678 	 0 	 0.00283346 	 0 	 0 	 0 	 0 	 0 	 0 	 0 	 0
0.6006 	 1.4e+21 	 0 	 0 	 0 	 8.43461 	 -49.5678 	 0 	 0.00283346 	 0 	 0 	 0 	 0 	 0 	 0 	 0 	 0
0.6008 	 1.4e+21 	 0 	 0 	 0 	 8.43461 	 -49.5678 	 0 	 0.00283346 	 0 	 0 	 0 	 0 	 0 	 0 	 0 	 0
0.601 	 1.4e+21 	 0 	 0 	 0 	 8.43461 	 -49.5678 	 0 	 0.00283346 	 0 	 0 	 0 	 0 	 0 	 0 	 0 	 0
0.611 	 1.4e+21 	 0 	 0 	 0 	 8.43461 	 -49.5678 	 0 	 0.00283346 	 0 	 0 	 0 	 0 	 0 	 0 	 0 	 0
0.621 	 1.4e+21 	 0 	 0 	 0 	 8.43461 	 -49.5678 	 0 	 0.00283346 	 0 	 0 	 0 	 0 	 0 	 0 	 0 	 0
0.631 	 1.4e+21 	 0 	 0 	 0 	 8.43461 	 -49.5678 	 0 	 0.00283346 	 0 	 0 	 0 	 0 	 0 	 0 	 0 	 0
0.641 	 1.4e+21 	 0 	 0 	 0 	 8.43461 	 -49.5678 	 0 	 0.00283346 	 0 	 0 	 0 	 0 	 0 	 0 	 0 	 0
0.651 	 1.4e+21 	 0 	 0 	 0 	 8.43461 	 -49.5678 	 0 	 0.00283346 	 0 	 0 	 0 	 0 	 0 	 0 	 0 	 0
0.661 	 1.4e+21 	 0 	 0 	 0 	 8.43461 	 -49.5678 	 0 	 0.00283346 	 0 	 0 	 0 	 0 	 0 	 0 	 0 	 0
0.671 	 1.4e+21 	 0 	 0 	 0 	 8.43461 	 -49.5678 	 0 	 0.00283346 	 0 	 0 	 0 	 0 	 0 	 0 	 0 	 0
0.681 	 1.4e+21 	 0 	 0 	 0 	 8.43461 	 -49.5678 	 0 	 0.00283346 	 0 	 0 	 0 	 0 	 0 	 0 	 0 	 0
0.691 	 1.4e+21 	 0 	 0 	 0 	 8.43461 	 -49.5678 	 0 	 0.00283346 	 0 	 0 	 0 	 0 	 0 	 0 	 0 	 0
0.701 	 1.4e+21 	 0 	 0 	 0 	 8.43461 	 -49.5678 	 0 	 0.00283346 	 0 	 0 	 0 	 0 	 0 	 0 	 0 	 0
0.711 	 1.4e+21 	 0 	 0 	 0 	 8.43461 	 -49.5678 	 0 	 0.00283346 	 0 	 0 	 0 	 0 	 0 	 0 	 0 	 0
0.721 	 1.4e+21 	 0 	 0 	 0 	 8.43461 	 -49.5678 	 0 	 0.00283346 	 0 	 0 	 0 	 0 	 0 	 0 	 0 	 0
0.731 	 1.4e+21 	 0 	 0 	 0 	 8.43461 	 -49.5678 	 0 	 0.00283346 	 0 	 0 	 0 	 0 	 0 	 0 	 0 	 0
0.741 	 1.4e+21 	 0 	 0 	 0 	 8.43461 	 -49.5678 	 0 	 0.00283346 	 0 	 0 	 0 	 0 	 0 	 0 	 0 	 0
0.751 	 1.4e+21 	 0 	 0 	 0 	 8.43461 	 -49.5678 	 0 	 0.00283346 	 0 	 0 	 0 	 0 	 0 	 0 	 0 	 0
0.761 	 1.4e+21 	 0 	 0 	 0 	 8.43461 	 -49.5678 	 0 	 0.00283346 	 0 	 0 	 0 	 0 	 0 	 0 	 0 	 0
0.771 	 1.4e+21 	 0 	 0 	 0 	 8.43461 	 -49.5678 	 0 	 0.00283346 	 0 	 0 	 0 	 0 	 0 	 0 	 0 	 0
0.781 	 1.4e+21 	 0 	 0 	 0 	 8.43461 	 -49.5678 	 0 	 0.00283346 	 0 	 0 	 0 	 0 	 0 	 0 	 0 	 0
0.791 	 1.4e+21 	 0 	 0 	 0 	 8.43461 	 -49.5678 	 0 	 0.00283346 	 0 	 0 	 0 	 0 	 0 	 0 	 0 	 0
0.801 	 1.4e+21 	 0 	 0 	 0 	 8.43461 	 -49.5678 	 0 	 0.00283346 	 0 	 0 	 0 	 0 	 0 	 0 	 0 	 0
0.811 	 1.4e+21 	 0 	 0 	 0 	 8.43461 	 -49.5678 	 0 	 0.00283346 	 0 	 0 	 0 	 0 	 0 	 0 	 0 	 0
0.821 	 1.4e+21 	 0 	 0 	 0 	 8.43461 	 -49.5678 	 0 	 0.00283346 	 0 	 0 	 0 	 0 	 0 	 0 	 0 	 0
0.831 	 1.4e+21 	 0 	 0 	 0 	 8.43461 	 -49.5678 	 0 	 0.00283346 	 0 	 0 	 0 	 0 	 0 	 0 	 0 	 0
0.841 	 1.4e+21 	 0 	 0 	 0 	 8.43461 	 -49.5678 	 0 	 0.00283346 	 0 	 0 	 0 	 0 	 0 	 0 	 0 	 0
0.851 	 1.4e+21 	 0 	 0 	 0 	 8.43461 	 -49.5678 	 0 	 0.00283346 	 0 	 0 	 0 	 0 	 0 	 0 	 0 	 0
0.861 	 1.4e+21 	 0 	 0 	 0 	 8.43461 	 -49.5678 	 0 	 0.00283346 	 0 	 0 	 0 	 0 	 0 	 0 	 0 	 0
0.871 	 1.4e+21 	 0 	 0 	 0 	 8.43461 	 -49.5678 	 0 	 0.00283346 	 0 	 0 	 0 	 0 	 0 	 0 	 0 	 0
0.881 	 1.4e+21 	 0 	 0 	 0 	 8.43461 	 -49.5678 	 0 	 0.00283346 	 0 	 0 	 0 	 0 	 0 	 0 	 0 	 0
0.891 	 1.4e+21 	 0 	 0 	 0 	 8.43461 	 -49.5678 	 0 	 0.00283346 	 0 	 0 	 0 	 0 	 0 	 0 	 0 	 0
0.901 	 1.4e+21 	 0 	 0 	 0 	 8.43461 	 -49.5678 	 0 	 0.00283346 	 0 	 0 	 0 	 0 	 0 	 0 	 0 	 0
0.911 	 1.4e+21 	 0 	 0 	 0 	 8.43461 	 -49.5678 	 0 	 0.00283346 	 0 	 0 	 0 	 0 	 0 	 0 	 0 	 0
0.921 	 1.4e+21 	 0 	 0 	 0 	 8.43461 	 -49.5678 	 0 	 0.00283346 	 0 	 0 	 0 	 0 	 0 	 0 	 0 	 0
0.931 	 1.4e+21 	 0 	 0 	 0 	 8.43461 	 -49.5678 	 0 	 0.00283346 	 0 	 0 	 0 	 0 	 0 	 0 	 0 	 0
0.941 	 1.4e+21 	 0 	 0 	 0 	 8.43461 	 -49.5678 	 0 	 0.00283346 	 0 	 0 	 0 	 0 	 0 	 0 	 0 	 0
0.951 	 1.4e+21 	 0 	 0 	 0 	 8.43461 	 -49.5678 	 0 	 0.00283346 	 0 	 0 	 0 	 0 	 0 	 0 	 0 	 0
0.961 	 1.4e+21 	 0 	 0 	 0 	 8.43461 	 -49.5678 	 0 	 0.00283346 	 0 	 0 	 0 	 0 	 0 	 0 	 0 	 0
0.971 	 1.4e+21 	 0 	 0 	 0 	 8.43461 	 -49.5678 	 0 	 0.00283346 	 0 	 0 	 0 	 0 	 0 	 0 	 0 	 0
0.981 	 1.4e+21 	 0 	 0 	 0 	 8.43461 	 -49.5678 	 0 	 0.00283346 	 0 	 0 	 0 	 0 	 0 	 0 	 0 	 0
0.991 	 1.4e+21 	 0 	 0 	 0 	 8.43461 	 -49.5678 	 0 	 0.00283346 	 0 	 0 	 0 	 0 	 0 	 0 	 0 	 0
1.001 	 1.4e+21 	 0 	 0 	 0 	 8.43461 	 -49.5678 	 0 	 0.00283346 	 0 	 0 	 0 	 0 	 0 	 0 	 0 	 0
1.011 	 1.4e+21 	 0 	 0 	 0 	 8.43461 	 -49.5678 	 0 	 0.00283346 	 0 	 0 	 0 	 0 	 0 	 0 	 0 	 0
1.021 	 1.4e+21 	 0 	 0 	 0 	 8.43461 	 -49.5678 	 0 	 0.00283346 	 0 	 0 	 0 	 0 	 0 	 0 	 0 	 0
1.031 	 1.4e+21 	 0 	 0 	 0 	 8.43461 	 -49.5678 	 0 	 0.00283346 	 0 	 0 	 0 	 0 	 0 	 0 	 0 	 0
1.041 	 1.4e+21 	 0 	 0 	 0 	 8.43461 	 -49.5678 	 0 	 0.00283346 	 0 	 0 	 0 	 0 	 0 	 0 	 0 	 0
1.051 	 1.4e+21 	 0 	 0 	 0 	 8.43461 	 -49.5678 	 0 	 0.00283346 	 0 	 0 	 0 	 0 	 0 	 0 	 0 	 0
1.061 	 1.4e+21 	 0 	 0 	 0 	 8.43461 	 -49.5678 	 0 	 0.00283346 	 0 	 0 	 0 	 0 	 0 	 0 	 0 	 0
1.071 	 1.4e+21 	 0 	 0 	 0 	 8.43461 	 -49.5678 	 0 	 0.00283346 	 0 	 0 	 0 	 0 	 0 	 0 	 0 	 0
1.081 	 1.4e+21 	 0 	 0 	 0 	 8.43461 	 -49.5678 	 0 	 0.00283346 	 0 	 0 	 0 	 0 	 0 	 0 	 0 	 0
1.091 	 1.4e+21 	 0 	 0 	 0 	 8.43461 	 -49.5678 	 0 	 0.00283346 	 0 	 0 	 0 	 0 	 0 	 0 	 0 	 0
1.101 	 1.4e+21 	 0 	 0 	 0 	 8.43461 	 -49.5678 	 0 	 0.00283346 	 0 	 0 	 0 	 0 	 0 	 0 	 0 	 0
1.111 	 1.4e+21 	 0 	 0 	 0 	 8.43461 	 -49.5678 	 0 	 0.00283346 	 0 	 0 	 0 	 0 	 0 	 0 	 0 	 0
1.121 	 1.4e+21 	 0 	 0 	 0 	 8.43461 	 -49.5678 	 0 	 0.00283346 	 0 	 0 	 0 	 0 	 0 	 0 	 0 	 0
1.131 	 1.4e+21 	 0 	 0 	 0 	 8.43461 	 -49.5678 	 0 	 0.00283346 	 0 	 0 	 0 	 0 	 0 	 0 	 0 	 0
1.141 	 1.4e+21 	 0 	 0 	 0 	 8.43461 	 -49.5678 	 0 	 0.00283346 	 0 	 0 	 0 	 0 	 0 	 0 	 0 	 0
1.151 	 1.4e+21 	 0 	 0 	 0 	 8.43461 	 -49.5678 	 0 	 0.00283346 	 0 	 0 	 0 	 0 	 0 	 0 	 0 	 0
1.161 	 1.4e+21 	 0 	 0 	 0 	 8.43461 	 -49.5678 	 0 	 0.00283346 	 0 	 0 	 0 	 0 	 0 	 0 	 0 	 0
1.171 	 1.4e+21 	 0 	 0 	 0 	 8.43461 	 -49.5678 	 0 	 0.00283346 	 0 	 0 	 0 	 0 	 0 	 0 	 0 	 0
1.181 	 1.4e+21 	 0 	 0 	 0 	 8.43461 	 -49.5678 	 0 	 0.00283346 	 0 	 0 	 0 	 0 	 0 	 0 	 0 	 0
1.191 	 1.4e+21 	 0 	 0 	 0 	 8.43461 	 -49.5678 	 0 	 0.00283346 	 0 	 0 	 0 	 0 	 0 	 0 	 0 	 0
1.201 	 1.4e+21 	 0 	 0 	 0 	 8.43461 	 -49.5678 	 0 	 0.00283346 	 0 	 0 	 0 	 0 	 0 	 0 	 0 	 0
1.211 	 1.4e+21 	 0 	 0 	 0 	 8.43461 	 -49.5678 	 0 	 0.00283346 	 0 	 0 	 0 	 0 	 0 	 0 	 0 	 0
1.221 	 1.4e+21 	 0 	 0 	 0 	 8.43461 	 -49.5678 	 0 	 0.00283346 	 0 	 0 	 0 	 0 	 0 	 0 	 0 	 0
1.231 	 1.4e+21 	 0 	 0 	 0 	 8.43461 	 -49.5678 	 0 	 0.00283346 	 0 	 0 	 0 	 0 	 0 	 0 	 0 	 0
1.241 	 1.4e+21 	 0 	 0 	 0 	 8.43461 	 -49.5678 	 0 	 0.00283346 	 0 	 0 	 0 	 0 	 0 	 0 	 0 	 0
1.251 	 1.4e+21 	 0 	 0 	 0 	 8.43461 	 -49.5678 	 0 	 0.00283346 	 0 	 0 	 0 	 0 	 0 	 0 	 0 	 0
1.261 	 1.4e+21 	 0 	 0 	 0 	 8.43461 	 -49.5678 	 0 	 0.00283346 	 0 	 0 	 0 	 0 	 0 	 0 	 0 	 0
1.271 	 1.4e+21 	 0 	 0 	 0 	 8.43461 	 -49.5678 	 0 	 0.00283346 	 0 	 0 	 0 	 0 	 0 	 0 	 0 	 0
1.281 	 1.4e+21 	 0 	 0 	 0 	 8.43461 	 -49.5678 	 0 	 0.00283346 	 0 	 0 	 0 	 0 	 0 	 0 	 0 	 0
1.291 	 1.4e+21 	 0 	 0 	 0 	 8.43461 	 -49.5678 	 0 	 0.00283346 	 0 	 0 	 0 	 0 	 0 	 0 	 0 	 0
1.301 	 1.4e+21 	 0 	 0 	 0 	 8.43461 	 -49.5678 	 0 	 0.00283346 	 0 	 0 	 0 	 0 	 0 	 0 	 0 	 0
1.311 	 1.4e+21 	 0 	 0 	 0 	 8.43461 	 -49.5678 	 0 	 0.00283346 	 0 	 0 	 0 	 0 	 0 	 0 	 0 	 0
1.321 	 1.4e+21 	 0 	 0 	 0 	 8.43461 	 -49.5678 	 0 	 0.00283346 	 0 	 0 	 0 	 0 	 0 	 0 	 0 	 0
1.331 	 1.4e+21 	 0 	 0 	 0 	 8.43461 	 -49.5678 	 0 	 0.00283346 	 0 	 0 	 0 	 0 	 0 	 0 	 0 	 0
1.341 	 1.4e+21 	 0 	 0 	 0 	 8.43461 	 -49.5678 	 0 	 0.00283346 	 0 	 0 	 0 	 0 	 0 	 0 	 0 	 0
1.351 	 1.4e+21 	 0 	 0 	 0 	 8.43461 	 -49.5678 	 0 	 0.00283346 	 0 	 0 	 0 	 0 	 0 	 0 	 0 	 0
1.361 	 1.4e+21 	 0 	 0 	 0 	 8.43461 	 -49.5678 	 0 	 0.00283346 	 0 	 0 	 0 	 0 	 0 	 0 	 0 	 0
1.371 	 1.4e+21 	 0 	 0 	 0 	 8.43461 	 -49.5678 	 0 	 0.00283346 	 0 	 0 	 0 	 0 	 0 	 0 	 0 	 0
1.381 	 1.4e+21 	 0 	 0 	 0 	 8.43461 	 -49.5678 	 0 	 0.00283346 	 0 	 0 	 0 	 0 	 0 	 0 	 0 	 0
1.391 	 1.4e+21 	 0 	 0 	 0 	 8.43461 	 -49.5678 	 0 	 0.00283346 	 0 	 0 	 0 	 0 	 0 	 0 	 0 	 0
1.401 	 1.4e+21 	 0 	 0 	 0 	 8.43461 	 -49.5678 	 0 	 0.00283346 	 0 	 0 	 0 	 0 	 0 	 0 	 0 	 0
1.411 	 1.4e+21 	 0 	 0 	 0 	 8.43461 	 -49.5678 	 0 	 0.00283346 	 0 	 0 	 0 	 0 	 0 	 0 	 0 	 0
1.421 	 1.4e+21 	 0 	 0 	 0 	 8.43461 	 -49.5678 	 0 	 0.00283346 	 0 	 0 	 0 	 0 	 0 	 0 	 0 	 0
1.431 	 1.4e+21 	 0 	 0 	 0 	 8.43461 	 -49.5678 	 0 	 0.00283346 	 0 	 0 	 0 	 0 	 0 	 0 	 0 	 0
1.441 	 1.4e+21 	 0 	 0 	 0 	 8.43461 	 -49.5678 	 0 	 0.00283346 	 0 	 0 	 0 	 0 	 0 	 0 	 0 	 0
1.451 	 1.4e+21 	 0 	 0 	 0 	 8.43461 	 -49.5678 	 0 	 0.00283346 	 0 	 0 	 0 	 0 	 0 	 0 	 0 	 0
1.461 	 1.4e+21 	 0 	 0 	 0 	 8.43461 	 -49.5678 	 0 	 0.00283346 	 0 	 0 	 0 	 0 	 0 	 0 	 0 	 0
1.471 	 1.4e+21 	 0 	 0 	 0 	 8.43461 	 -49.5678 	 0 	 0.00283346 	 0 	 0 	 0 	 0 	 0 	 0 	 0 	 0
1.481 	 1.4e+21 	 0 	 0 	 0 	 8.43461 	 -49.5678 	 0 	 0.00283346 	 0 	 0 	 0 	 0 	 0 	 0 	 0 	 0
1.491 	 1.4e+21 	 0 	 0 	 0 	 8.43461 	 -49.5678 	 0 	 0.00283346 	 0 	 0 	 0 	 0 	 0 	 0 	 0 	 0
1.501 	 1.4e+21 	 0 	 0 	 0 	 8.43461 	 -49.5678 	 0 	 0.00283346 	 0 	 0 	 0 	 0 	 0 	 0 	 0 	 0
1.511 	 1.4e+21 	 0 	 0 	 0 	 8.43461 	 -49.5678 	 0 	 0.00283346 	 0 	 0 	 0 	 0 	 0 	 0 	 0 	 0
1.521 	 1.4e+21 	 0 	 0 	 0 	 8.43461 	 -49.5678 	 0 	 0.00283346 	 0 	 0 	 0 	 0 	 0 	 0 	 0 	 0
1.531 	 1.4e+21 	 0 	 0 	 0 	 8.43461 	 -49.5678 	 0 	 0.00283346 	 0 	 0 	 0 	 0 	 0 	 0 	 0 	 0
1.541 	 1.4e+21 	 0 	 0 	 0 	 8.43461 	 -49.5678 	 0 	 0.00283346 	 0 	 0 	 0 	 0 	 0 	 0 	 0 	 0
1.551 	 1.4e+21 	 0 	 0 	 0 	 8.43461 	 -49.5678 	 0 	 0.00283346 	 0 	 0 	 0 	 0 	 0 	 0 	 0 	 0
1.561 	 1.4e+21 	 0 	 0 	 0 	 8.43461 	 -49.5678 	 0 	 0.00283346 	 0 	 0 	 0 	 0 	 0 	 0 	 0 	 0
1.571 	 1.4e+21 	 0 	 0 	 0 	 8.43461 	 -49.5678 	 0 	 0.00283346 	 0 	 0 	 0 	 0 	 0 	 0 	 0 	 0
1.581 	 1.4e+21 	 0 	 0 	 0 	 8.43461 	 -49.5678 	 0 	 0.00283346 	 0 	 0 	 0 	 0 	 0 	 0 	 0 	 0
1.591 	 1.4e+21 	 0 	 0 	 0 	 8.43461 	 -49.5678 	 0 	 0.00283346 	 0 	 0 	 0 	 0 	 0 	 0 	 0 	 0
1.601 	 1.4e+21 	 0 	 0 	 0 	 8.43461 	 -49.5678 	 0 	 0.00283346 	 0 	 0 	 0 	 0 	 0 	 0 	 0 	 0
1.611 	 1.4e+21 	 0 	 0 	 0 	 8.43461 	 -49.5678 	 0 	 0.00283346 	 0 	 0 	 0 	 0 	 0 	 0 	 0 	 0
1.621 	 1.4e+21 	 0 	 0 	 0 	 8.43461 	 -49.5678 	 0 	 0.00283346 	 0 	 0 	 0 	 0 	 0 	 0 	 0 	 0
1.631 	 1.4e+21 	 0 	 0 	 0 	 8.43461 	 -49.5678 	 0 	 0.00283346 	 0 	 0 	 0 	 0 	 0 	 0 	 0 	 0
1.641 	 1.4e+21 	 0 	 0 	 0 	 8.43461 	 -49.5678 	 0 	 0.00283346 	 0 	 0 	 0 	 0 	 0 	 0 	 0 	 0
1.651 	 1.4e+21 	 0 	 0 	 0 	 8.43461 	 -49.5678 	 0 	 0.00283346 	 0 	 0 	 0 	 0 	 0 	 0 	 0 	 0
1.661 	 1.4e+21 	 0 	 0 	 0 	 8.43461 	 -49.5678 	 0 	 0.00283346 	 0 	 0 	 0 	 0 	 0 	 0 	 0 	 0
1.671 	 1.4e+21 	 0 	 0 	 0 	 8.43461 	 -49.5678 	 0 	 0.00283346 	 0 	 0 	 0 	 0 	 0 	 0 	 0 	 0
1.681 	 1.4e+21 	 0 	 0 	 0 	 8.43461 	 -49.5678 	 0 	 0.00283346 	 0 	 0 	 0 	 0 	 0 	 0 	 0 	 0
1.691 	 1.4e+21 	 0 	 0 	 0 	 8.43461 	 -49.5678 	 0 	 0.00283346 	 0 	 0 	 0 	 0 	 0 	 0 	 0 	 0
1.701 	 1.4e+21 	 0 	 0 	 0 	 8.43461 	 -49.5678 	 0 	 0.00283346 	 0 	 0 	 0 	 0 	 0 	 0 	 0 	 0
1.711 	 1.4e+21 	 0 	 0 	 0 	 8.43461 	 -49.5678 	 0 	 0.00283346 	 0 	 0 	 0 	 0 	 0 	 0 	 0 	 0
1.721 	 1.4e+21 	 0 	 0 	 0 	 8.43461 	 -49.5678 	 0 	 0.00283346 	 0 	 0 	 0 	 0 	 0 	 0 	 0 	 0
1.731 	 1.4e+21 	 0 	 0 	 0 	 8.43461 	 -49.5678 	 0 	 0.00283346 	 0 	 0 	 0 	 0 	 0 	 0 	 0 	 0
1.741 	 1.4e+21 	 0 	 0 	 0 	 8.43461 	 -49.5678 	 0 	 0.00283346 	 0 	 0 	 0 	 0 	 0 	 0 	 0 	 0
1.751 	 1.4e+21 	 0 	 0 	 0 	 8.43461 	 -49.5678 	 0 	 0.00283346 	 0 	 0 	 0 	 0 	 0 	 0 	 0 	 0
1.761 	 1.4e+21 	 0 	 0 	 0 	 8.43461 	 -49.5678 	 0 	 0.00283346 	 0 	 0 	 0 	 0 	 0 	 0 	 0 	 0
1.771 	 1.4e+21 	 0 	 0 	 0 	 8.43461 	 -49.5678 	 0 	 0.00283346 	 0 	 0 	 0 	 0 	 0 	 0 	 0 	 0
1.781 	 1.4e+21 	 0 	 0 	 0 	 8.43461 	 -49.5678 	 0 	 0.00283346 	 0 	 0 	 0 	 0 	 0 	 0 	 0 	 0
1.791 	 1.4e+21 	 0 	 0 	 0 	 8.43461 	 -49.5678 	 0 	 0.00283346 	 0 	 0 	 0 	 0 	 0 	 0 	 0 	 0
1.801 	 1.4e+21 	 0 	 0 	 0 	 8.43461 	 -49.5678 	 0 	 0.00283346 	 0 	 0 	 0 	 0 	 0 	 0 	 0 	 0
1.811 	 1.4e+21 	 0 	 0 	 0 	 8.43461 	 -49.5678 	 0 	 0.00283346 	 0 	 0 	 0 	 0 	 0 	 0 	 0 	 0
1.821 	 1.4e+21 	 0 	 0 	 0 	 8.43461 	 -49.5678 	 0 	 0.00283346 	 0 	 0 	 0 	 0 	 0 	 0 	 0 	 0
1.831 	 1.4e+21 	 0 	 0 	 0 	 8.43461 	 -49.5678 	 0 	 0.00283346 	 0 	 0 	 0 	 0 	 0 	 0 	 0 	 0
1.841 	 1.4e+21 	 0 	 0 	 0 	 8.43461 	 -49.5678 	 0 	 0.00283346 	 0 	 0 	 0 	 0 	 0 	 0 	 0 	 0
1.851 	 1.4e+21 	 0 	 0 	 0 	 8.43461 	 -49.5678 	 0 	 0.00283346 	 0 	 0 	 0 	 0 	 0 	 0 	 0 	 0
1.861 	 1.4e+21 	 0 	 0 	 0 	 8.43461 	 -49.5678 	 0 	 0.00283346 	 0 	 0 	 0 	 0 	 0 	 0 	 0 	 0
1.871 	 1.4e+21 	 0 	 0 	 0 	 8.43461 	 -49.5678 	 0 	 0.00283346 	 0 	 0 	 0 	 0 	 0 	 0 	 0 	 0
1.881 	 1.4e+21 	 0 	 0 	 0 	 8.43461 	 -49.5678 	 0 	 0.00283346 	 0 	 0 	 0 	 0 	 0 	 0 	 0 	 0
1.891 	 1.4e+21 	 0 	 0 	 0 	 8.43461 	 -49.5678 	 0 	 0.00283346 	 0 	 0 	 0 	 0 	 0 	 0 	 0 	 0
1.901 	 1.4e+21 	 0 	 0 	 0 	 8.43461 	 -49.5678 	 0 	 0.00283346 	 0 	 0 	 0 	 0 	 0 	 0 	 0 	 0
1.911 	 1.4e+21 	 0 	 0 	 0 	 8.43461 	 -49.5678 	 0 	 0.00283346 	 0 	 0 	 0 	 0 	 0 	 0 	 0 	 0
1.921 	 1.4e+21 	 0 	 0 	 0 	 8.43461 	 -49.5678 	 0 	 0.00283346 	 0 	 0 	 0 	 0 	 0 	 0 	 0 	 0
1.931 	 1.4e+21 	 0 	 0 	 0 	 8.43461 	 -49.5678 	 0 	 0.00283346 	 0 	 0 	 0 	 0 	 0 	 0 	 0 	 0
1.941 	 1.4e+21 	 0 	 0 	 0 	 8.43461 	 -49.5678 	 0 	 0.00283346 	 0 	 0 	 0 	 0 	 0 	 0 	 0 	 0
1.951 	 1.4e+21 	 0 	 0 	 0 	 8.43461 	 -49.5678 	 0 	 0.00283346 	 0 	 0 	 0 	 0 	 0 	 0 	 0 	 0
1.961 	 1.4e+21 	 0 	 0 	 0 	 8.43461 	 -49.5678 	 0 	 0.00283346 	 0 	 0 	 0 	 0 	 0 	 0 	 0 	 0
1.971 	 1.4e+21 	 0 	 0 	 0 	 8.43461 	 -49.5678 	 0 	 0.00283346 	 0 	 0 	 0 	 0 	 0 	 0 	 0 	 0
1.981 	 1.4e+21 	 0 	 0 	 0 	 8.43461 	 -49.5678 	 0 	 0.00283346 	 0 	 0 	 0 	 0 	 0 	 0 	 0 	 0
1.991 	 1.4e+21 	 0 	 0 	 0 	 8.43461 	 -49.5678 	 0 	 0.00283346 	 0 	 0 	 0 	 0 	 0 	 0 	 0 	 0
2.001 	 1.4e+21 	 0 	 0 	 0 	 8.43461 	 -49.5678 	 0 	 0.00283346 	 0 	 0 	 0 	 0 	 0 	 0 	 0 	 0
2.011 	 1.4e+21 	 0 	 0 	 0 	 8.43461 	 -49.5678 	 0 	 0.00283346 	 0 	 0 	 0 	 0 	 0 	 0 	 0 	 0
2.021 	 1.4e+21 	 0 	 0 	 0 	 8.43461 	 -49.5678 	 0 	 0.00283346 	 0 	 0 	 0 	 0 	 0 	 0 	 0 	 0
2.031 	 1.4e+21 	 0 	 0 	 0 	 8.43461 	 -49.5678 	 0 	 0.00283346 	 0 	 0 	 0 	 0 	 0 	 0 	 0 	 0
2.041 	 1.4e+21 	 0 	 0 	 0 	 8.43461 	 -49.5678 	 0 	 0.00283346 	 0 	 0 	 0 	 0 	 0 	 0 	 0 	 0
2.051 	 1.4e+21 	 0 	 0 	 0 	 8.43461 	 -49.5678 	 0 	 0.00283346 	 0 	 0 	 0 	 0 	 0 	 0 	 0 	 0
2.061 	 1.4e+21 	 0 	 0 	 0 	 8.43461 	 -49.5678 	 0 	 0.00283346 	 0 	 0 	 0 	 0 	 0 	 0 	 0 	 0
2.071 	 1.4e+21 	 0 	 0 	 0 	 8.43461 	 -49.5678 	 0 	 0.00283346 	 0 	 0 	 0 	 0 	 0 	 0 	 0 	 0
2.081 	 1.4e+21 	 0 	 0 	 0 	 8.43461 	 -49.5678 	 0 	 0.00283346 	 0 	 0 	 0 	 0 	 0 	 0 	 0 	 0
2.091 	 1.4e+21 	 0 	 0 	 0 	 8.43461 	 -49.5678 	 0 	 0.00283346 	 0 	 0 	 0 	 0 	 0 	 0 	 0 	 0
2.101 	 1.4e+21 	 0 	 0 	 0 	 8.43461 	 -49.5678 	 0 	 0.00283346 	 0 	 0 	 0 	 0 	 0 	 0 	 0 	 0
2.111 	 1.4e+21 	 0 	 0 	 0 	 8.43461 	 -49.5678 	 0 	 0.00283346 	 0 	 0 	 0 	 0 	 0 	 0 	 0 	 0
2.121 	 1.4e+21 	 0 	 0 	 0 	 8.43461 	 -49.5678 	 0 	 0.00283346 	 0 	 0 	 0 	 0 	 0 	 0 	 0 	 0
2.131 	 1.4e+21 	 0 	 0 	 0 	 8.43461 	 -49.5678 	 0 	 0.00283346 	 0 	 0 	 0 	 0 	 0 	 0 	 0 	 0
2.141 	 1.4e+21 	 0 	 0 	 0 	 8.43461 	 -49.5678 	 0 	 0.00283346 	 0 	 0 	 0 	 0 	 0 	 0 	 0 	 0
2.151 	 1.4e+21 	 0 	 0 	 0 	 8.43461 	 -49.5678 	 0 	 0.00283346 	 0 	 0 	 0 	 0 	 0 	 0 	 0 	 0
2.161 	 1.4e+21 	 0 	 0 	 0 	 8.43461 	 -49.5678 	 0 	 0.00283346 	 0 	 0 	 0 	 0 	 0 	 0 	 0 	 0
2.171 	 1.4e+21 	 0 	 0 	 0 	 8.43461 	 -49.5678 	 0 	 0.00283346 	 0 	 0 	 0 	 0 	 0 	 0 	 0 	 0
2.181 	 1.4e+21 	 0 	 0 	 0 	 8.43461 	 -49.5678 	 0 	 0.00283346 	 0 	 0 	 0 	 0 	 0 	 0 	 0 	 0
2.191 	 1.4e+21 	 0 	 0 	 0 	 8.43461 	 -49.5678 	 0 	 0.00283346 	 0 	 0 	 0 	 0 	 0 	 0 	 0 	 0
2.201 	 1.4e+21 	 0 	 0 	 0 	 8.43461 	 -49.5678 	 0 	 0.00283346 	 0 	 0 	 0 	 0 	 0 	 0 	 0 	 0
2.211 	 1.4e+21 	 0 	 0 	 0 	 8.43461 	 -49.5678 	 0 	 0.00283346 	 0 	 0 	 0 	 0 	 0 	 0 	 0 	 0
2.221 	 1.4e+21 	 0 	 0 	 0 	 8.43461 	 -49.5678 	 0 	 0.00283346 	 0 	 0 	 0 	 0 	 0 	 0 	 0 	 0
2.231 	 1.4e+21 	 0 	 0 	 0 	 8.43461 	 -49.5678 	 0 	 0.00283346 	 0 	 0 	 0 	 0 	 0 	 0 	 0 	 0
2.241 	 1.4e+21 	 0 	 0 	 0 	 8.43461 	 -49.5678 	 0 	 0.00283346 	 0 	 0 	 0 	 0 	 0 	 0 	 0 	 0
2.251 	 1.4e+21 	 0 	 0 	 0 	 8.43461 	 -49.5678 	 0 	 0.00283346 	 0 	 0 	 0 	 0 	 0 	 0 	 0 	 0
2.261 	 1.4e+21 	 0 	 0 	 0 	 8.43461 	 -49.5678 	 0 	 0.00283346 	 0 	 0 	 0 	 0 	 0 	 0 	 0 	 0
2.271 	 1.4e+21 	 0 	 0 	 0 	 8.43461 	 -49.5678 	 0 	 0.00283346 	 0 	 0 	 0 	 0 	 0 	 0 	 0 	 0
2.281 	 1.4e+21 	 0 	 0 	 0 	 8.43461 	 -49.5678 	 0 	 0.00283346 	 0 	 0 	 0 	 0 	 0 	 0 	 0 	 0
2.291 	 1.4e+21 	 0 	 0 	 0 	 8.43461 	 -49.5678 	 0 	 0.00283346 	 0 	 0 	 0 	 0 	 0 	 0 	 0 	 0
2.301 	 1.4e+21 	 0 	 0 	 0 	 8.43461 	 -49.5678 	 0 	 0.00283346 	 0 	 0 	 0 	 0 	 0 	 0 	 0 	 0
2.311 	 1.4e+21 	 0 	 0 	 0 	 8.43461 	 -49.5678 	 0 	 0.00283346 	 0 	 0 	 0 	 0 	 0 	 0 	 0 	 0
2.321 	 1.4e+21 	 0 	 0 	 0 	 8.43461 	 -49.5678 	 0 	 0.00283346 	 0 	 0 	 0 	 0 	 0 	 0 	 0 	 0
2.331 	 1.4e+21 	 0 	 0 	 0 	 8.43461 	 -49.5678 	 0 	 0.00283346 	 0 	 0 	 0 	 0 	 0 	 0 	 0 	 0
2.341 	 1.4e+21 	 0 	 0 	 0 	 8.43461 	 -49.5678 	 0 	 0.00283346 	 0 	 0 	 0 	 0 	 0 	 0 	 0 	 0
2.351 	 1.4e+21 	 0 	 0 	 0 	 8.43461 	 -49.5678 	 0 	 0.00283346 	 0 	 0 	 0 	 0 	 0 	 0 	 0 	 0
2.361 	 1.4e+21 	 0 	 0 	 0 	 8.43461 	 -49.5678 	 0 	 0.00283346 	 0 	 0 	 0 	 0 	 0 	 0 	 0 	 0
2.371 	 1.4e+21 	 0 	 0 	 0 	 8.43461 	 -49.5678 	 0 	 0.00283346 	 0 	 0 	 0 	 0 	 0 	 0 	 0 	 0
2.381 	 1.4e+21 	 0 	 0 	 0 	 8.43461 	 -49.5678 	 0 	 0.00283346 	 0 	 0 	 0 	 0 	 0 	 0 	 0 	 0
2.391 	 1.4e+21 	 0 	 0 	 0 	 8.43461 	 -49.5678 	 0 	 0.00283346 	 0 	 0 	 0 	 0 	 0 	 0 	 0 	 0
2.401 	 1.4e+21 	 0 	 0 	 0 	 8.43461 	 -49.5678 	 0 	 0.00283346 	 0 	 0 	 0 	 0 	 0 	 0 	 0 	 0
2.411 	 1.4e+21 	 0 	 0 	 0 	 8.43461 	 -49.5678 	 0 	 0.00283346 	 0 	 0 	 0 	 0 	 0 	 0 	 0 	 0
2.421 	 1.4e+21 	 0 	 0 	 0 	 8.43461 	 -49.5678 	 0 	 0.00283346 	 0 	 0 	 0 	 0 	 0 	 0 	 0 	 0
2.431 	 1.4e+21 	 0 	 0 	 0 	 8.43461 	 -49.5678 	 0 	 0.00283346 	 0 	 0 	 0 	 0 	 0 	 0 	 0 	 0
2.441 	 1.4e+21 	 0 	 0 	 0 	 8.43461 	 -49.5678 	 0 	 0.00283346 	 0 	 0 	 0 	 0 	 0 	 0 	 0 	 0
2.451 	 1.4e+21 	 0 	 0 	 0 	 8.43461 	 -49.5678 	 0 	 0.00283346 	 0 	 0 	 0 	 0 	 0 	 0 	 0 	 0
2.461 	 1.4e+21 	 0 	 0 	 0 	 8.43461 	 -49.5678 	 0 	 0.00283346 	 0 	 0 	 0 	 0 	 0 	 0 	 0 	 0
2.471 	 1.4e+21 	 0 	 0 	 0 	 8.43461 	 -49.5678 	 0 	 0.00283346 	 0 	 0 	 0 	 0 	 0 	 0 	 0 	 0
2.481 	 1.4e+21 	 0 	 0 	 0 	 8.43461 	 -49.5678 	 0 	 0.00283346 	 0 	 0 	 0 	 0 	 0 	 0 	 0 	 0
2.491 	 1.4e+21 	 0 	 0 	 0 	 8.43461 	 -49.5678 	 0 	 0.00283346 	 0 	 0 	 0 	 0 	 0 	 0 	 0 	 0
2.501 	 1.4e+21 	 0 	 0 	 0 	 8.43461 	 -49.5678 	 0 	 0.00283346 	 0 	 0 	 0 	 0 	 0 	 0 	 0 	 0
2.511 	 1.4e+21 	 0 	 0 	 0 	 8.43461 	 -49.5678 	 0 	 0.00283346 	 0 	 0 	 0 	 0 	 0 	 0 	 0 	 0
2.521 	 1.4e+21 	 0 	 0 	 0 	 8.43461 	 -49.5678 	 0 	 0.00283346 	 0 	 0 	 0 	 0 	 0 	 0 	 0 	 0
2.531 	 1.4e+21 	 0 	 0 	 0 	 8.43461 	 -49.5678 	 0 	 0.00283346 	 0 	 0 	 0 	 0 	 0 	 0 	 0 	 0
2.541 	 1.4e+21 	 0 	 0 	 0 	 8.43461 	 -49.5678 	 0 	 0.00283346 	 0 	 0 	 0 	 0 	 0 	 0 	 0 	 0
2.551 	 1.4e+21 	 0 	 0 	 0 	 8.43461 	 -49.5678 	 0 	 0.00283346 	 0 	 0 	 0 	 0 	 0 	 0 	 0 	 0
2.561 	 1.4e+21 	 0 	 0 	 0 	 8.43461 	 -49.5678 	 0 	 0.00283346 	 0 	 0 	 0 	 0 	 0 	 0 	 0 	 0
2.571 	 1.4e+21 	 0 	 0 	 0 	 8.43461 	 -49.5678 	 0 	 0.00283346 	 0 	 0 	 0 	 0 	 0 	 0 	 0 	 0
2.581 	 1.4e+21 	 0 	 0 	 0 	 8.43461 	 -49.5678 	 0 	 0.00283346 	 0 	 0 	 0 	 0 	 0 	 0 	 0 	 0
2.591 	 1.4e+21 	 0 	 0 	 0 	 8.43461 	 -49.5678 	 0 	 0.00283346 	 0 	 0 	 0 	 0 	 0 	 0 	 0 	 0
2.601 	 1.4e+21 	 0 	 0 	 0 	 8.43461 	 -49.5678 	 0 	 0.00283346 	 0 	 0 	 0 	 0 	 0 	 0 	 0 	 0
2.611 	 1.4e+21 	 0 	 0 	 0 	 8.43461 	 -49.5678 	 0 	 0.00283346 	 0 	 0 	 0 	 0 	 0 	 0 	 0 	 0
2.621 	 1.4e+21 	 0 	 0 	 0 	 8.43461 	 -49.5678 	 0 	 0.00283346 	 0 	 0 	 0 	 0 	 0 	 0 	 0 	 0
2.631 	 1.4e+21 	 0 	 0 	 0 	 8.43461 	 -49.5678 	 0 	 0.00283346 	 0 	 0 	 0 	 0 	 0 	 0 	 0 	 0
2.641 	 1.4e+21 	 0 	 0 	 0 	 8.43461 	 -49.5678 	 0 	 0.00283346 	 0 	 0 	 0 	 0 	 0 	 0 	 0 	 0
2.651 	 1.4e+21 	 0 	 0 	 0 	 8.43461 	 -49.5678 	 0 	 0.00283346 	 0 	 0 	 0 	 0 	 0 	 0 	 0 	 0
2.661 	 1.4e+21 	 0 	 0 	 0 	 8.43461 	 -49.5678 	 0 	 0.00283346 	 0 	 0 	 0 	 0 	 0 	 0 	 0 	 0
2.671 	 1.4e+21 	 0 	 0 	 0 	 8.43461 	 -49.5678 	 0 	 0.00283346 	 0 	 0 	 0 	 0 	 0 	 0 	 0 	 0
2.681 	 1.4e+21 	 0 	 0 	 0 	 8.43461 	 -49.5678 	 0 	 0.00283346 	 0 	 0 	 0 	 0 	 0 	 0 	 0 	 0
2.691 	 1.4e+21 	 0 	 0 	 0 	 8.43461 	 -49.5678 	 0 	 0.00283346 	 0 	 0 	 0 	 0 	 0 	 0 	 0 	 0
2.701 	 1.4e+21 	 0 	 0 	 0 	 8.43461 	 -49.5678 	 0 	 0.00283346 	 0 	 0 	 0 	 0 	 0 	 0 	 0 	 0
2.711 	 1.4e+21 	 0 	 0 	 0 	 8.43461 	 -49.5678 	 0 	 0.00283346 	 0 	 0 	 0 	 0 	 0 	 0 	 0 	 0
2.721 	 1.4e+21 	 0 	 0 	 0 	 8.43461 	 -49.5678 	 0 	 0.00283346 	 0 	 0 	 0 	 0 	 0 	 0 	 0 	 0
2.731 	 1.4e+21 	 0 	 0 	 0 	 8.43461 	 -49.5678 	 0 	 0.00283346 	 0 	 0 	 0 	 0 	 0 	 0 	 0 	 0
2.741 	 1.4e+21 	 0 	 0 	 0 	 8.43461 	 -49.5678 	 0 	 0.00283346 	 0 	 0 	 0 	 0 	 0 	 0 	 0 	 0
2.751 	 1.4e+21 	 0 	 0 	 0 	 8.43461 	 -49.5678 	 0 	 0.00283346 	 0 	 0 	 0 	 0 	 0 	 0 	 0 	 0
2.761 	 1.4e+21 	 0 	 0 	 0 	 8.43461 	 -49.5678 	 0 	 0.00283346 	 0 	 0 	 0 	 0 	 0 	 0 	 0 	 0
2.771 	 1.4e+21 	 0 	 0 	 0 	 8.43461 	 -49.5678 	 0 	 0.00283346 	 0 	 0 	 0 	 0 	 0 	 0 	 0 	 0
2.781 	 1.4e+21 	 0 	 0 	 0 	 8.43461 	 -49.5678 	 0 	 0.00283346 	 0 	 0 	 0 	 0 	 0 	 0 	 0 	 0
2.791 	 1.4e+21 	 0 	 0 	 0 	 8.43461 	 -49.5678 	 0 	 0.00283346 	 0 	 0 	 0 	 0 	 0 	 0 	 0 	 0
2.801 	 1.4e+21 	 0 	 0 	 0 	 8.43461 	 -49.5678 	 0 	 0.00283346 	 0 	 0 	 0 	 0 	 0 	 0 	 0 	 0
2.811 	 1.4e+21 	 0 	 0 	 0 	 8.43461 	 -49.5678 	 0 	 0.00283346 	 0 	 0 	 0 	 0 	 0 	 0 	 0 	 0
2.821 	 1.4e+21 	 0 	 0 	 0 	 8.43461 	 -49.5678 	 0 	 0.00283346 	 0 	 0 	 0 	 0 	 0 	 0 	 0 	 0
2.831 	 1.4e+21 	 0 	 0 	 0 	 8.43461 	 -49.5678 	 0 	 0.00283346 	 0 	 0 	 0 	 0 	 0 	 0 	 0 	 0
2.841 	 1.4e+21 	 0 	 0 	 0 	 8.43461 	 -49.5678 	 0 	 0.00283346 	 0 	 0 	 0 	 0 	 0 	 0 	 0 	 0
2.851 	 1.4e+21 	 0 	 0 	 0 	 8.43461 	 -49.5678 	 0 	 0.00283346 	 0 	 0 	 0 	 0 	 0 	 0 	 0 	 0
2.861 	 1.4e+21 	 0 	 0 	 0 	 8.43461 	 -49.5678 	 0 	 0.00283346 	 0 	 0 	 0 	 0 	 0 	 0 	 0 	 0
2.871 	 1.4e+21 	 0 	 0 	 0 	 8.43461 	 -49.5678 	 0 	 0.00283346 	 0 	 0 	 0 	 0 	 0 	 0 	 0 	 0
2.881 	 1.4e+21 	 0 	 0 	 0 	 8.43461 	 -49.5678 	 0 	 0.00283346 	 0 	 0 	 0 	 0 	 0 	 0 	 0 	 0
2.891 	 1.4e+21 	 0 	 0 	 0 	 8.43461 	 -49.5678 	 0 	 0.00283346 	 0 	 0 	 0 	 0 	 0 	 0 	 0 	 0
2.901 	 1.4e+21 	 0 	 0 	 0 	 8.43461 	 -49.5678 	 0 	 0.00283346 	 0 	 0 	 0 	 0 	 0 	 0 	 0 	 0
2.911 	 1.4e+21 	 0 	 0 	 0 	 8.43461 	 -49.5678 	 0 	 0.00283346 	 0 	 0 	 0 	 0 	 0 	 0 	 0 	 0
2.921 	 1.4e+21 	 0 	 0 	 0 	 8.43461 	 -49.5678 	 0 	 0.00283346 	 0 	 0 	 0 	 0 	 0 	 0 	 0 	 0
2.931 	 1.4e+21 	 0 	 0 	 0 	 8.43461 	 -49.5678 	 0 	 0.00283346 	 0 	 0 	 0 	 0 	 0 	 0 	 0 	 0
2.941 	 1.4e+21 	 0 	 0 	 0 	 8.43461 	 -49.5678 	 0 	 0.00283346 	 0 	 0 	 0 	 0 	 0 	 0 	 0 	 0
2.951 	 1.4e+21 	 0 	 0 	 0 	 8.43461 	 -49.5678 	 0 	 0.00283346 	 0 	 0 	 0 	 0 	 0 	 0 	 0 	 0
2.961 	 1.4e+21 	 0 	 0 	 0 	 8.43461 	 -49.5678 	 0 	 0.00283346 	 0 	 0 	 0 	 0 	 0 	 0 	 0 	 0
2.971 	 1.4e+21 	 0 	 0 	 0 	 8.43461 	 -49.5678 	 0 	 0.00283346 	 0 	 0 	 0 	 0 	 0 	 0 	 0 	 0
2.981 	 1.4e+21 	 0 	 0 	 0 	 8.43461 	 -49.5678 	 0 	 0.00283346 	 0 	 0 	 0 	 0 	 0 	 0 	 0 	 0
2.991 	 1.4e+21 	 0 	 0 	 0 	 8.43461 	 -49.5678 	 0 	 0.00283346 	 0 	 0 	 0 	 0 	 0 	 0 	 0 	 0
3.001 	 1.4e+21 	 0 	 0 	 0 	 8.43461 	 -49.5678 	 0 	 0.00283346 	 0 	 0 	 0 	 0 	 0 	 0 	 0 	 0
3.011 	 1.4e+21 	 0 	 0 	 0 	 8.43461 	 -49.5678 	 0 	 0.00283346 	 0 	 0 	 0 	 0 	 0 	 0 	 0 	 0
3.021 	 1.4e+21 	 0 	 0 	 0 	 8.43461 	 -49.5678 	 0 	 0.00283346 	 0 	 0 	 0 	 0 	 0 	 0 	 0 	 0
3.031 	 1.4e+21 	 0 	 0 	 0 	 8.43461 	 -49.5678 	 0 	 0.00283346 	 0 	 0 	 0 	 0 	 0 	 0 	 0 	 0
3.041 	 1.4e+21 	 0 	 0 	 0 	 8.43461 	 -49.5678 	 0 	 0.00283346 	 0 	 0 	 0 	 0 	 0 	 0 	 0 	 0
3.051 	 1.4e+21 	 0 	 0 	 0 	 8.43461 	 -49.5678 	 0 	 0.00283346 	 0 	 0 	 0 	 0 	 0 	 0 	 0 	 0
3.061 	 1.4e+21 	 0 	 0 	 0 	 8.43461 	 -49.5678 	 0 	 0.00283346 	 0 	 0 	 0 	 0 	 0 	 0 	 0 	 0
3.071 	 1.4e+21 	 0 	 0 	 0 	 8.43461 	 -49.5678 	 0 	 0.00283346 	 0 	 0 	 0 	 0 	 0 	 0 	 0 	 0
3.081 	 1.4e+21 	 0 	 0 	 0 	 8.43461 	 -49.5678 	 0 	 0.00283346 	 0 	 0 	 0 	 0 	 0 	 0 	 0 	 0
3.091 	 1.4e+21 	 0 	 0 	 0 	 8.43461 	 -49.5678 	 0 	 0.00283346 	 0 	 0 	 0 	 0 	 0 	 0 	 0 	 0
3.101 	 1.4e+21 	 0 	 0 	 0 	 8.43461 	 -49.5678 	 0 	 0.00283346 	 0 	 0 	 0 	 0 	 0 	 0 	 0 	 0
3.111 	 1.4e+21 	 0 	 0 	 0 	 8.43461 	 -49.5678 	 0 	 0.00283346 	 0 	 0 	 0 	 0 	 0 	 0 	 0 	 0
3.121 	 1.4e+21 	 0 	 0 	 0 	 8.43461 	 -49.5678 	 0 	 0.00283346 	 0 	 0 	 0 	 0 	 0 	 0 	 0 	 0
3.131 	 1.40002e+21 	 0 	 0 	 4.77344 	 4.77344 	 3.69338 	 0 	 0.00106114 	 0 	 0 	 0 	 0 	 0 	 0 	 0 	 0
3.141 	 1.4e+21 	 0 	 0 	 4.77881 	 4.77881 	 0.706324 	 0 	 0.000851274 	 0 	 0 	 0 	 0 	 0 	 0 	 0 	 0
3.151 	 1.39999e+21 	 0 	 0 	 4.78409 	 4.78409 	 -0.698876 	 0 	 0.00076576 	 0 	 0 	 0 	 0 	 0 	 0 	 0 	 0
3.161 	 1.39998e+21 	 0 	 0 	 4.78775 	 4.78775 	 -1.48248 	 0 	 0.000721745 	 0 	 0 	 0 	 0 	 0 	 0 	 0 	 0
3.171 	 1.39998e+21 	 0 	 0 	 4.79019 	 4.79019 	 -1.95613 	 0 	 0.00069639 	 0 	 0 	 0 	 0 	 0 	 0 	 0 	 0
3.181 	 1.39997e+21 	 0 	 0 	 4.79184 	 4.79184 	 -2.25819 	 0 	 0.000680704 	 0 	 0 	 0 	 0 	 0 	 0 	 0 	 0
3.191 	 1.39997e+21 	 0 	 0 	 4.79298 	 4.79298 	 -2.45988 	 0 	 0.00067044 	 0 	 0 	 0 	 0 	 0 	 0 	 0 	 0
3.201 	 1.39997e+21 	 0 	 0 	 4.7938 	 4.7938 	 -2.6008 	 0 	 0.000663366 	 0 	 0 	 0 	 0 	 0 	 0 	 0 	 0
3.211 	 1.39997e+21 	 0 	 0 	 4.7944 	 4.7944 	 -2.70428 	 0 	 0.000658222 	 0 	 0 	 0 	 0 	 0 	 0 	 0 	 0
3.221 	 1.39997e+21 	 0 	 0 	 4.79488 	 4.79488 	 -2.78439 	 0 	 0.000654269 	 0 	 0 	 0 	 0 	 0 	 0 	 0 	 0
3.231 	 1.39997e+21 	 0 	 0 	 4.79527 	 4.79527 	 -2.84976 	 0 	 0.000651062 	 0 	 0 	 0 	 0 	 0 	 0 	 0 	 0
3.241 	 1.39996e+21 	 0 	 0 	 4.79561 	 4.79561 	 -2.90584 	 0 	 0.000648325 	 0 	 0 	 0 	 0 	 0 	 0 	 0 	 0
3.251 	 1.39997e+21 	 0 	 0 	 4.79592 	 4.79592 	 -2.95602 	 0 	 0.000645886 	 0 	 0 	 0 	 0 	 0 	 0 	 0 	 0
3.261 	 1.39996e+21 	 0 	 0 	 4.7962 	 4.7962 	 -3.00246 	 0 	 0.000643637 	 0 	 0 	 0 	 0 	 0 	 0 	 0 	 0
3.271 	 1.39996e+21 	 0 	 0 	 4.79647 	 4.79647 	 -3.04655 	 0 	 0.000641509 	 0 	 0 	 0 	 0 	 0 	 0 	 0 	 0
3.281 	 1.39996e+21 	 0 	 0 	 4.79674 	 4.79674 	 -3.0892 	 0 	 0.000639461 	 0 	 0 	 0 	 0 	 0 	 0 	 0 	 0
3.291 	 1.39996e+21 	 0 	 0 	 4.797 	 4.797 	 -3.13091 	 0 	 0.000637464 	 0 	 0 	 0 	 0 	 0 	 0 	 0 	 0
3.301 	 1.39996e+21 	 0 	 0 	 4.79725 	 4.79725 	 -3.1721 	 0 	 0.000635497 	 0 	 0 	 0 	 0 	 0 	 0 	 0 	 0
3.311 	 1.39996e+21 	 0 	 0 	 4.79751 	 4.79751 	 -3.21299 	 0 	 0.000633552 	 0 	 0 	 0 	 0 	 0 	 0 	 0 	 0
3.321 	 1.39996e+21 	 0 	 0 	 4.79777 	 4.79777 	 -3.25372 	 0 	 0.00063162 	 0 	 0 	 0 	 0 	 0 	 0 	 0 	 0
3.331 	 1.39996e+21 	 0 	 0 	 4.79803 	 4.79803 	 -3.29438 	 0 	 0.000629701 	 0 	 0 	 0 	 0 	 0 	 0 	 0 	 0
3.341 	 1.39996e+21 	 0 	 0 	 4.79828 	 4.79828 	 -3.33506 	 0 	 0.000627787 	 0 	 0 	 0 	 0 	 0 	 0 	 0 	 0
3.351 	 1.39996e+21 	 0 	 0 	 4.79854 	 4.79854 	 -3.37578 	 0 	 0.000625875 	 0 	 0 	 0 	 0 	 0 	 0 	 0 	 0
3.361 	 1.39996e+21 	 0 	 0 	 4.79881 	 4.79881 	 -3.41659 	 0 	 0.000623966 	 0 	 0 	 0 	 0 	 0 	 0 	 0 	 0
3.371 	 1.39996e+21 	 0 	 0 	 4.79907 	 4.79907 	 -3.45748 	 0 	 0.000622061 	 0 	 0 	 0 	 0 	 0 	 0 	 0 	 0
3.381 	 1.39996e+21 	 0 	 0 	 4.79934 	 4.79934 	 -3.4985 	 0 	 0.000620157 	 0 	 0 	 0 	 0 	 0 	 0 	 0 	 0
3.391 	 1.39995e+21 	 0 	 0 	 4.7996 	 4.7996 	 -3.5396 	 0 	 0.000618255 	 0 	 0 	 0 	 0 	 0 	 0 	 0 	 0
3.401 	 1.39995e+21 	 0 	 0 	 4.79987 	 4.79987 	 -3.58087 	 0 	 0.000616351 	 0 	 0 	 0 	 0 	 0 	 0 	 0 	 0
3.411 	 1.39995e+21 	 0 	 0 	 4.80014 	 4.80014 	 -3.62222 	 0 	 0.000614451 	 0 	 0 	 0 	 0 	 0 	 0 	 0 	 0
3.421 	 1.39995e+21 	 0 	 0 	 4.80042 	 4.80042 	 -3.66373 	 0 	 0.000612549 	 0 	 0 	 0 	 0 	 0 	 0 	 0 	 0
3.431 	 1.39995e+21 	 0 	 0 	 4.8007 	 4.8007 	 -3.70535 	 0 	 0.000610647 	 0 	 0 	 0 	 0 	 0 	 0 	 0 	 0
3.441 	 1.39995e+21 	 0 	 0 	 4.80097 	 4.80097 	 -3.7471 	 0 	 0.000608747 	 0 	 0 	 0 	 0 	 0 	 0 	 0 	 0
3.451 	 1.39995e+21 	 0 	 0 	 4.80126 	 4.80126 	 -3.78898 	 0 	 0.000606847 	 0 	 0 	 0 	 0 	 0 	 0 	 0 	 0
3.461 	 1.39995e+21 	 0 	 0 	 4.80154 	 4.80154 	 -3.831 	 0 	 0.000604948 	 0 	 0 	 0 	 0 	 0 	 0 	 0 	 0
3.471 	 1.39995e+21 	 0 	 0 	 4.80182 	 4.80182 	 -3.87316 	 0 	 0.00060305 	 0 	 0 	 0 	 0 	 0 	 0 	 0 	 0
3.481 	 1.39995e+21 	 0 	 0 	 4.80211 	 4.80211 	 -3.91544 	 0 	 0.000601153 	 0 	 0 	 0 	 0 	 0 	 0 	 0 	 0
3.491 	 1.39995e+21 	 0 	 0 	 4.8024 	 4.8024 	 -3.95786 	 0 	 0.000599256 	 0 	 0 	 0 	 0 	 0 	 0 	 0 	 0
3.501 	 1.39995e+21 	 0 	 0 	 4.80269 	 4.80269 	 -4.00041 	 0 	 0.000597361 	 0 	 0 	 0 	 0 	 0 	 0 	 0 	 0
3.511 	 1.39995e+21 	 0 	 0 	 4.80298 	 4.80298 	 -4.04313 	 0 	 0.000595466 	 0 	 0 	 0 	 0 	 0 	 0 	 0 	 0
3.521 	 1.39995e+21 	 0 	 0 	 4.80328 	 4.80328 	 -4.08597 	 0 	 0.000593572 	 0 	 0 	 0 	 0 	 0 	 0 	 0 	 0
3.531 	 1.39995e+21 	 0 	 0 	 4.80358 	 4.80358 	 -4.12897 	 0 	 0.000591678 	 0 	 0 	 0 	 0 	 0 	 0 	 0 	 0
3.541 	 1.39995e+21 	 0 	 0 	 4.80388 	 4.80388 	 -4.17208 	 0 	 0.000589786 	 0 	 0 	 0 	 0 	 0 	 0 	 0 	 0
3.551 	 1.39994e+21 	 0 	 0 	 4.80418 	 4.80418 	 -4.21537 	 0 	 0.000587894 	 0 	 0 	 0 	 0 	 0 	 0 	 0 	 0
3.561 	 1.39994e+21 	 0 	 0 	 4.80449 	 4.80449 	 -4.25879 	 0 	 0.000586003 	 0 	 0 	 0 	 0 	 0 	 0 	 0 	 0
3.571 	 1.39994e+21 	 0 	 0 	 4.80479 	 4.80479 	 -4.30234 	 0 	 0.000584113 	 0 	 0 	 0 	 0 	 0 	 0 	 0 	 0
3.581 	 1.39994e+21 	 0 	 0 	 4.8051 	 4.8051 	 -4.34605 	 0 	 0.000582224 	 0 	 0 	 0 	 0 	 0 	 0 	 0 	 0
3.591 	 1.39994e+21 	 0 	 0 	 4.80541 	 4.80541 	 -4.38991 	 0 	 0.000580335 	 0 	 0 	 0 	 0 	 0 	 0 	 0 	 0
3.601 	 1.39994e+21 	 0 	 0 	 4.80573 	 4.80573 	 -4.43393 	 0 	 0.000578447 	 0 	 0 	 0 	 0 	 0 	 0 	 0 	 0
3.611 	 1.39994e+21 	 0 	 0 	 4.80605 	 4.80605 	 -4.47808 	 0 	 0.000576561 	 0 	 0 	 0 	 0 	 0 	 0 	 0 	 0
3.621 	 1.39994e+21 	 0 	 0 	 4.80636 	 4.80636 	 -4.52241 	 0 	 0.000574674 	 0 	 0 	 0 	 0 	 0 	 0 	 0 	 0
3.631 	 1.39994e+21 	 0 	 0 	 4.80669 	 4.80669 	 -4.56686 	 0 	 0.000572789 	 0 	 0 	 0 	 0 	 0 	 0 	 0 	 0
3.641 	 1.39994e+21 	 0 	 0 	 4.80701 	 4.80701 	 -4.61147 	 0 	 0.000570903 	 0 	 0 	 0 	 0 	 0 	 0 	 0 	 0
3.651 	 1.39993e+21 	 0 	 0 	 4.80734 	 4.80734 	 -4.65623 	 0 	 0.000569019 	 0 	 0 	 0 	 0 	 0 	 0 	 0 	 0
3.661 	 1.39993e+21 	 0 	 0 	 4.80767 	 4.80767 	 -4.70115 	 0 	 0.000567134 	 0 	 0 	 0 	 0 	 0 	 0 	 0 	 0
3.671 	 1.39993e+21 	 0 	 0 	 4.808 	 4.808 	 -4.74622 	 0 	 0.00056525 	 0 	 0 	 0 	 0 	 0 	 0 	 0 	 0
3.681 	 1.39993e+21 	 0 	 0 	 4.80833 	 4.80833 	 -4.79144 	 0 	 0.000563368 	 0 	 0 	 0 	 0 	 0 	 0 	 0 	 0
3.691 	 1.39993e+21 	 0 	 0 	 4.80867 	 4.80867 	 -4.83684 	 0 	 0.000561485 	 0 	 0 	 0 	 0 	 0 	 0 	 0 	 0
3.701 	 1.39993e+21 	 0 	 0 	 4.80901 	 4.80901 	 -4.88236 	 0 	 0.000559605 	 0 	 0 	 0 	 0 	 0 	 0 	 0 	 0
3.711 	 1.39993e+21 	 0 	 0 	 4.80936 	 4.80936 	 -4.92806 	 0 	 0.000557725 	 0 	 0 	 0 	 0 	 0 	 0 	 0 	 0
3.721 	 1.39993e+21 	 0 	 0 	 4.8097 	 4.8097 	 -4.97391 	 0 	 0.000555847 	 0 	 0 	 0 	 0 	 0 	 0 	 0 	 0
3.731 	 1.39993e+21 	 0 	 0 	 4.81005 	 4.81005 	 -5.01993 	 0 	 0.000553969 	 0 	 0 	 0 	 0 	 0 	 0 	 0 	 0
3.741 	 1.39993e+21 	 0 	 0 	 4.8104 	 4.8104 	 -5.06613 	 0 	 0.000552092 	 0 	 0 	 0 	 0 	 0 	 0 	 0 	 0
3.751 	 1.39992e+21 	 0 	 0 	 4.81075 	 4.81075 	 -5.11248 	 0 	 0.000550216 	 0 	 0 	 0 	 0 	 0 	 0 	 0 	 0
3.761 	 1.39992e+21 	 0 	 0 	 4.81111 	 4.81111 	 -5.15898 	 0 	 0.000548342 	 0 	 0 	 0 	 0 	 0 	 0 	 0 	 0
3.771 	 1.39992e+21 	 0 	 0 	 4.81147 	 4.81147 	 -5.20568 	 0 	 0.000546469 	 0 	 0 	 0 	 0 	 0 	 0 	 0 	 0
3.781 	 1.39992e+21 	 0 	 0 	 4.81183 	 4.81183 	 -5.25252 	 0 	 0.000544597 	 0 	 0 	 0 	 0 	 0 	 0 	 0 	 0
3.791 	 1.39992e+21 	 0 	 0 	 4.81219 	 4.81219 	 -5.29954 	 0 	 0.000542726 	 0 	 0 	 0 	 0 	 0 	 0 	 0 	 0
3.801 	 1.39992e+21 	 0 	 0 	 4.81256 	 4.81256 	 -5.34673 	 0 	 0.000540856 	 0 	 0 	 0 	 0 	 0 	 0 	 0 	 0
3.811 	 1.39992e+21 	 0 	 0 	 4.81293 	 4.81293 	 -5.39412 	 0 	 0.000538986 	 0 	 0 	 0 	 0 	 0 	 0 	 0 	 0
3.821 	 1.39992e+21 	 0 	 0 	 4.8133 	 4.8133 	 -5.44165 	 0 	 0.000537118 	 0 	 0 	 0 	 0 	 0 	 0 	 0 	 0
3.831 	 1.39992e+21 	 0 	 0 	 4.81368 	 4.81368 	 -5.48935 	 0 	 0.00053525 	 0 	 0 	 0 	 0 	 0 	 0 	 0 	 0
3.841 	 1.39991e+21 	 0 	 0 	 4.81406 	 4.81406 	 -5.53725 	 0 	 0.000533381 	 0 	 0 	 0 	 0 	 0 	 0 	 0 	 0
3.851 	 1.39991e+21 	 0 	 0 	 4.81444 	 4.81444 	 -5.58529 	 0 	 0.000531517 	 0 	 0 	 0 	 0 	 0 	 0 	 0 	 0
3.861 	 1.39991e+21 	 0 	 0 	 4.81482 	 4.81482 	 -5.63353 	 0 	 0.000529652 	 0 	 0 	 0 	 0 	 0 	 0 	 0 	 0
3.871 	 1.39991e+21 	 0 	 0 	 4.81521 	 4.81521 	 -5.68196 	 0 	 0.000527787 	 0 	 0 	 0 	 0 	 0 	 0 	 0 	 0
3.881 	 1.39991e+21 	 0 	 0 	 4.8156 	 4.8156 	 -5.73056 	 0 	 0.000525924 	 0 	 0 	 0 	 0 	 0 	 0 	 0 	 0
3.891 	 1.39991e+21 	 0 	 0 	 4.816 	 4.816 	 -5.77932 	 0 	 0.000524062 	 0 	 0 	 0 	 0 	 0 	 0 	 0 	 0
3.901 	 1.39991e+21 	 0 	 0 	 4.81639 	 4.81639 	 -5.82828 	 0 	 0.000522202 	 0 	 0 	 0 	 0 	 0 	 0 	 0 	 0
3.911 	 1.39991e+21 	 0 	 0 	 4.81679 	 4.81679 	 -5.87743 	 0 	 0.000520343 	 0 	 0 	 0 	 0 	 0 	 0 	 0 	 0
3.921 	 1.3999e+21 	 0 	 0 	 4.8172 	 4.8172 	 -5.92674 	 0 	 0.000518486 	 0 	 0 	 0 	 0 	 0 	 0 	 0 	 0
3.931 	 1.3999e+21 	 0 	 0 	 4.8176 	 4.8176 	 -5.97628 	 0 	 0.000516629 	 0 	 0 	 0 	 0 	 0 	 0 	 0 	 0
3.941 	 1.3999e+21 	 0 	 0 	 4.81801 	 4.81801 	 -6.02597 	 0 	 0.000514774 	 0 	 0 	 0 	 0 	 0 	 0 	 0 	 0
3.951 	 1.3999e+21 	 0 	 0 	 4.81843 	 4.81843 	 -6.07588 	 0 	 0.00051292 	 0 	 0 	 0 	 0 	 0 	 0 	 0 	 0
3.961 	 1.3999e+21 	 0 	 0 	 4.81884 	 4.81884 	 -6.12596 	 0 	 0.000511068 	 0 	 0 	 0 	 0 	 0 	 0 	 0 	 0
3.971 	 1.3999e+21 	 0 	 0 	 4.81926 	 4.81926 	 -6.17624 	 0 	 0.000509214 	 0 	 0 	 0 	 0 	 0 	 0 	 0 	 0
3.981 	 1.3999e+21 	 0 	 0 	 4.81968 	 4.81968 	 -6.22672 	 0 	 0.000507364 	 0 	 0 	 0 	 0 	 0 	 0 	 0 	 0
3.991 	 1.3999e+21 	 0 	 0 	 4.82011 	 4.82011 	 -6.27741 	 0 	 0.000505513 	 0 	 0 	 0 	 0 	 0 	 0 	 0 	 0
4.001 	 1.39989e+21 	 0 	 0 	 4.82054 	 4.82054 	 -6.32828 	 0 	 0.000503663 	 0 	 0 	 0 	 0 	 0 	 0 	 0 	 0
4.011 	 1.39989e+21 	 0 	 0 	 4.82097 	 4.82097 	 -6.37934 	 0 	 0.000501816 	 0 	 0 	 0 	 0 	 0 	 0 	 0 	 0
4.021 	 1.39989e+21 	 0 	 0 	 4.82141 	 4.82141 	 -6.4306 	 0 	 0.000499969 	 0 	 0 	 0 	 0 	 0 	 0 	 0 	 0
4.031 	 1.39989e+21 	 0 	 0 	 4.82185 	 4.82185 	 -6.48205 	 0 	 0.000498125 	 0 	 0 	 0 	 0 	 0 	 0 	 0 	 0
4.041 	 1.39989e+21 	 0 	 0 	 4.82229 	 4.82229 	 -6.53371 	 0 	 0.000496282 	 0 	 0 	 0 	 0 	 0 	 0 	 0 	 0
4.051 	 1.39989e+21 	 0 	 0 	 4.82274 	 4.82274 	 -6.58561 	 0 	 0.00049444 	 0 	 0 	 0 	 0 	 0 	 0 	 0 	 0
4.061 	 1.39988e+21 	 0 	 0 	 4.82319 	 4.82319 	 -6.63768 	 0 	 0.000492599 	 0 	 0 	 0 	 0 	 0 	 0 	 0 	 0
4.071 	 1.39988e+21 	 0 	 0 	 4.82365 	 4.82365 	 -6.68997 	 0 	 0.000490761 	 0 	 0 	 0 	 0 	 0 	 0 	 0 	 0
4.081 	 1.39988e+21 	 0 	 0 	 4.8241 	 4.8241 	 -6.74248 	 0 	 0.000488923 	 0 	 0 	 0 	 0 	 0 	 0 	 0 	 0
4.091 	 1.39988e+21 	 0 	 0 	 4.82457 	 4.82457 	 -6.7952 	 0 	 0.000487088 	 0 	 0 	 0 	 0 	 0 	 0 	 0 	 0
4.101 	 1.39988e+21 	 0 	 0 	 4.82503 	 4.82503 	 -6.84812 	 0 	 0.000485252 	 0 	 0 	 0 	 0 	 0 	 0 	 0 	 0
4.111 	 1.39988e+21 	 0 	 0 	 4.8255 	 4.8255 	 -6.90127 	 0 	 0.000483416 	 0 	 0 	 0 	 0 	 0 	 0 	 0 	 0
4.121 	 1.39987e+21 	 0 	 0 	 4.82598 	 4.82598 	 -6.95463 	 0 	 0.000481583 	 0 	 0 	 0 	 0 	 0 	 0 	 0 	 0
4.131 	 1.39987e+21 	 0 	 0 	 4.82645 	 4.82645 	 -7.00818 	 0 	 0.000479752 	 0 	 0 	 0 	 0 	 0 	 0 	 0 	 0
4.141 	 1.39987e+21 	 0 	 0 	 4.82693 	 4.82693 	 -7.06199 	 0 	 0.000477922 	 0 	 0 	 0 	 0 	 0 	 0 	 0 	 0
4.151 	 1.39987e+21 	 0 	 0 	 4.82742 	 4.82742 	 -7.11599 	 0 	 0.000476094 	 0 	 0 	 0 	 0 	 0 	 0 	 0 	 0
4.161 	 1.39987e+21 	 0 	 0 	 4.82791 	 4.82791 	 -7.17022 	 0 	 0.000474268 	 0 	 0 	 0 	 0 	 0 	 0 	 0 	 0
4.171 	 1.39987e+21 	 0 	 0 	 4.8284 	 4.8284 	 -7.22468 	 0 	 0.000472443 	 0 	 0 	 0 	 0 	 0 	 0 	 0 	 0
4.181 	 1.39986e+21 	 0 	 0 	 4.8289 	 4.8289 	 -7.27938 	 0 	 0.00047062 	 0 	 0 	 0 	 0 	 0 	 0 	 0 	 0
4.191 	 1.39986e+21 	 0 	 0 	 4.8294 	 4.8294 	 -7.33431 	 0 	 0.000468799 	 0 	 0 	 0 	 0 	 0 	 0 	 0 	 0
4.201 	 1.39986e+21 	 0 	 0 	 4.8299 	 4.8299 	 -7.38945 	 0 	 0.000466977 	 0 	 0 	 0 	 0 	 0 	 0 	 0 	 0
4.211 	 1.39986e+21 	 0 	 0 	 4.83041 	 4.83041 	 -7.44484 	 0 	 0.000465159 	 0 	 0 	 0 	 0 	 0 	 0 	 0 	 0
4.221 	 1.39986e+21 	 0 	 0 	 4.83092 	 4.83092 	 -7.50045 	 0 	 0.000463341 	 0 	 0 	 0 	 0 	 0 	 0 	 0 	 0
4.231 	 1.39986e+21 	 0 	 0 	 4.83144 	 4.83144 	 -7.55631 	 0 	 0.000461525 	 0 	 0 	 0 	 0 	 0 	 0 	 0 	 0
4.241 	 1.39985e+21 	 0 	 0 	 4.83196 	 4.83196 	 -7.6124 	 0 	 0.00045971 	 0 	 0 	 0 	 0 	 0 	 0 	 0 	 0
4.251 	 1.39985e+21 	 0 	 0 	 4.83249 	 4.83249 	 -7.66874 	 0 	 0.000457897 	 0 	 0 	 0 	 0 	 0 	 0 	 0 	 0
4.261 	 1.39985e+21 	 0 	 0 	 4.83302 	 4.83302 	 -7.72532 	 0 	 0.000456086 	 0 	 0 	 0 	 0 	 0 	 0 	 0 	 0
4.271 	 1.39984e+21 	 0 	 0 	 4.83356 	 4.83356 	 -7.78213 	 0 	 0.000454278 	 0 	 0 	 0 	 0 	 0 	 0 	 0 	 0
4.281 	 1.39984e+21 	 0 	 0 	 4.83409 	 4.83409 	 -7.83919 	 0 	 0.000452471 	 0 	 0 	 0 	 0 	 0 	 0 	 0 	 0
4.291 	 1.39984e+21 	 0 	 0 	 4.83464 	 4.83464 	 -7.8965 	 0 	 0.000450666 	 0 	 0 	 0 	 0 	 0 	 0 	 0 	 0
4.301 	 1.39984e+21 	 0 	 0 	 4.83519 	 4.83519 	 -7.95408 	 0 	 0.000448861 	 0 	 0 	 0 	 0 	 0 	 0 	 0 	 0
4.311 	 1.39984e+21 	 0 	 0 	 4.83574 	 4.83574 	 -8.01189 	 0 	 0.000447058 	 0 	 0 	 0 	 0 	 0 	 0 	 0 	 0
4.321 	 1.39983e+21 	 0 	 0 	 4.8363 	 4.8363 	 -8.06997 	 0 	 0.000445256 	 0 	 0 	 0 	 0 	 0 	 0 	 0 	 0
4.331 	 1.39983e+21 	 0 	 0 	 4.83686 	 4.83686 	 -8.1283 	 0 	 0.000443457 	 0 	 0 	 0 	 0 	 0 	 0 	 0 	 0
4.341 	 1.39983e+21 	 0 	 0 	 4.83743 	 4.83743 	 -8.18688 	 0 	 0.00044166 	 0 	 0 	 0 	 0 	 0 	 0 	 0 	 0
4.351 	 1.39983e+21 	 0 	 0 	 4.838 	 4.838 	 -8.24572 	 0 	 0.000439865 	 0 	 0 	 0 	 0 	 0 	 0 	 0 	 0
4.361 	 1.39983e+21 	 0 	 0 	 4.83858 	 4.83858 	 -8.30485 	 0 	 0.000438072 	 0 	 0 	 0 	 0 	 0 	 0 	 0 	 0
4.371 	 1.39982e+21 	 0 	 0 	 4.83916 	 4.83916 	 -8.36422 	 0 	 0.000436281 	 0 	 0 	 0 	 0 	 0 	 0 	 0 	 0
4.381 	 1.39982e+21 	 0 	 0 	 4.83975 	 4.83975 	 -8.42387 	 0 	 0.00043449 	 0 	 0 	 0 	 0 	 0 	 0 	 0 	 0
4.391 	 1.39982e+21 	 0 	 0 	 4.84034 	 4.84034 	 -8.48377 	 0 	 0.000432701 	 0 	 0 	 0 	 0 	 0 	 0 	 0 	 0
4.401 	 1.39982e+21 	 0 	 0 	 4.84094 	 4.84094 	 -8.54397 	 0 	 0.000430914 	 0 	 0 	 0 	 0 	 0 	 0 	 0 	 0
4.411 	 1.39981e+21 	 0 	 0 	 4.84154 	 4.84154 	 -8.60442 	 0 	 0.00042913 	 0 	 0 	 0 	 0 	 0 	 0 	 0 	 0
4.421 	 1.39981e+21 	 0 	 0 	 4.84215 	 4.84215 	 -8.66514 	 0 	 0.000427348 	 0 	 0 	 0 	 0 	 0 	 0 	 0 	 0
4.431 	 1.39981e+21 	 0 	 0 	 4.84276 	 4.84276 	 -8.72616 	 0 	 0.000425569 	 0 	 0 	 0 	 0 	 0 	 0 	 0 	 0
4.441 	 1.39981e+21 	 0 	 0 	 4.84338 	 4.84338 	 -8.78747 	 0 	 0.000423791 	 0 	 0 	 0 	 0 	 0 	 0 	 0 	 0
4.451 	 1.3998e+21 	 0 	 0 	 4.844 	 4.844 	 -8.84905 	 0 	 0.000422016 	 0 	 0 	 0 	 0 	 0 	 0 	 0 	 0
4.461 	 1.3998e+21 	 0 	 0 	 4.84463 	 4.84463 	 -8.91092 	 0 	 0.000420241 	 0 	 0 	 0 	 0 	 0 	 0 	 0 	 0
4.471 	 1.3998e+21 	 0 	 0 	 4.84526 	 4.84526 	 -8.97307 	 0 	 0.000418468 	 0 	 0 	 0 	 0 	 0 	 0 	 0 	 0
4.481 	 1.3998e+21 	 0 	 0 	 4.8459 	 4.8459 	 -9.03555 	 0 	 0.000416697 	 0 	 0 	 0 	 0 	 0 	 0 	 0 	 0
4.491 	 1.39979e+21 	 0 	 0 	 4.84655 	 4.84655 	 -9.09828 	 0 	 0.000414929 	 0 	 0 	 0 	 0 	 0 	 0 	 0 	 0
4.501 	 1.39979e+21 	 0 	 0 	 4.8472 	 4.8472 	 -9.16132 	 0 	 0.000413163 	 0 	 0 	 0 	 0 	 0 	 0 	 0 	 0
4.511 	 1.39979e+21 	 0 	 0 	 4.84785 	 4.84785 	 -9.22465 	 0 	 0.000411401 	 0 	 0 	 0 	 0 	 0 	 0 	 0 	 0
4.521 	 1.39978e+21 	 0 	 0 	 4.84852 	 4.84852 	 -9.28831 	 0 	 0.00040964 	 0 	 0 	 0 	 0 	 0 	 0 	 0 	 0
4.531 	 1.39978e+21 	 0 	 0 	 4.84918 	 4.84918 	 -9.35225 	 0 	 0.00040788 	 0 	 0 	 0 	 0 	 0 	 0 	 0 	 0
4.541 	 1.39978e+21 	 0 	 0 	 4.84986 	 4.84986 	 -9.41652 	 0 	 0.000406122 	 0 	 0 	 0 	 0 	 0 	 0 	 0 	 0
4.551 	 1.39978e+21 	 0 	 0 	 4.85054 	 4.85054 	 -9.48106 	 0 	 0.000404367 	 0 	 0 	 0 	 0 	 0 	 0 	 0 	 0
4.561 	 1.39977e+21 	 0 	 0 	 4.85123 	 4.85123 	 -9.54595 	 0 	 0.000402614 	 0 	 0 	 0 	 0 	 0 	 0 	 0 	 0
4.571 	 1.39977e+21 	 0 	 0 	 4.85192 	 4.85192 	 -9.61112 	 0 	 0.000400865 	 0 	 0 	 0 	 0 	 0 	 0 	 0 	 0
