'Continental weathering fluxes in mol s-1 = bicarbonate trapping capacity due to dissolved cations'; river abundances in mol kg-1
'Time (Gyr)' 	 'Land areal fraction' 	 'Residence time of water on land' 	 'Total Mg' 	 'Mg from silicates' 	 'Mg from carbonates' 	 'Total Ca' 	 'Ca from silicates' 	 'Ca from carbonates' 	 'Ca from sulfates' 	 'Total Fe' 	 'Fe from silicates' 	 'Fe from sulfides' 	 'Total C flux' 	 'River pH' 	 HCO3-(aq) 	 CO3-2(aq) 	 CO2(aq) 	 Na+(aq) 	 Mg+2(aq) 	 SiO2(aq) 	 Ca+2(aq) 	 Fe+2(aq) 	 'Haze fallout height (m)'
0 	 0 	 0 	 0 	 0 	 0 	 0 	 0 	 0 	 0 	 0 	 0 	 0 	 0 	 0 	 0 	 0 	 0 	 0 	 0 	 0 	 0 	 0 	 0
0.6002 	 0 	 0 	 0 	 0 	 0 	 0 	 0 	 0 	 0 	 0 	 0 	 0 	 0 	 0 	 0 	 0 	 0 	 0 	 0 	 0 	 0 	 0 	 0
0.6004 	 0 	 0 	 0 	 0 	 0 	 0 	 0 	 0 	 0 	 0 	 0 	 0 	 0 	 0 	 0 	 0 	 0 	 0 	 0 	 0 	 0 	 0 	 0
0.6006 	 0 	 0 	 0 	 0 	 0 	 0 	 0 	 0 	 0 	 0 	 0 	 0 	 0 	 0 	 0 	 0 	 0 	 0 	 0 	 0 	 0 	 0 	 0
0.6008 	 0 	 0 	 0 	 0 	 0 	 0 	 0 	 0 	 0 	 0 	 0 	 0 	 0 	 0 	 0 	 0 	 0 	 0 	 0 	 0 	 0 	 0 	 0
0.601 	 0 	 0 	 0 	 0 	 0 	 0 	 0 	 0 	 0 	 0 	 0 	 0 	 0 	 0 	 0 	 0 	 0 	 0 	 0 	 0 	 0 	 0 	 0
0.611 	 0 	 0 	 0 	 0 	 0 	 0 	 0 	 0 	 0 	 0 	 0 	 0 	 0 	 0 	 0 	 0 	 0 	 0 	 0 	 0 	 0 	 0 	 0
0.621 	 0 	 0 	 0 	 0 	 0 	 0 	 0 	 0 	 0 	 0 	 0 	 0 	 0 	 0 	 0 	 0 	 0 	 0 	 0 	 0 	 0 	 0 	 0
0.631 	 0 	 0 	 0 	 0 	 0 	 0 	 0 	 0 	 0 	 0 	 0 	 0 	 0 	 0 	 0 	 0 	 0 	 0 	 0 	 0 	 0 	 0 	 0
0.641 	 0 	 0 	 0 	 0 	 0 	 0 	 0 	 0 	 0 	 0 	 0 	 0 	 0 	 0 	 0 	 0 	 0 	 0 	 0 	 0 	 0 	 0 	 0
0.651 	 0 	 0 	 0 	 0 	 0 	 0 	 0 	 0 	 0 	 0 	 0 	 0 	 0 	 0 	 0 	 0 	 0 	 0 	 0 	 0 	 0 	 0 	 0
0.661 	 0 	 0 	 0 	 0 	 0 	 0 	 0 	 0 	 0 	 0 	 0 	 0 	 0 	 0 	 0 	 0 	 0 	 0 	 0 	 0 	 0 	 0 	 0
0.671 	 0 	 0 	 0 	 0 	 0 	 0 	 0 	 0 	 0 	 0 	 0 	 0 	 0 	 0 	 0 	 0 	 0 	 0 	 0 	 0 	 0 	 0 	 0
0.681 	 0 	 0 	 0 	 0 	 0 	 0 	 0 	 0 	 0 	 0 	 0 	 0 	 0 	 0 	 0 	 0 	 0 	 0 	 0 	 0 	 0 	 0 	 0
0.691 	 0 	 0 	 0 	 0 	 0 	 0 	 0 	 0 	 0 	 0 	 0 	 0 	 0 	 0 	 0 	 0 	 0 	 0 	 0 	 0 	 0 	 0 	 0
0.701 	 0 	 0 	 0 	 0 	 0 	 0 	 0 	 0 	 0 	 0 	 0 	 0 	 0 	 0 	 0 	 0 	 0 	 0 	 0 	 0 	 0 	 0 	 0
0.711 	 0 	 0 	 0 	 0 	 0 	 0 	 0 	 0 	 0 	 0 	 0 	 0 	 0 	 0 	 0 	 0 	 0 	 0 	 0 	 0 	 0 	 0 	 0
0.721 	 0 	 0 	 0 	 0 	 0 	 0 	 0 	 0 	 0 	 0 	 0 	 0 	 0 	 0 	 0 	 0 	 0 	 0 	 0 	 0 	 0 	 0 	 0
0.731 	 0 	 0 	 0 	 0 	 0 	 0 	 0 	 0 	 0 	 0 	 0 	 0 	 0 	 0 	 0 	 0 	 0 	 0 	 0 	 0 	 0 	 0 	 0
0.741 	 0 	 0 	 0 	 0 	 0 	 0 	 0 	 0 	 0 	 0 	 0 	 0 	 0 	 0 	 0 	 0 	 0 	 0 	 0 	 0 	 0 	 0 	 0
0.751 	 0 	 0 	 0 	 0 	 0 	 0 	 0 	 0 	 0 	 0 	 0 	 0 	 0 	 0 	 0 	 0 	 0 	 0 	 0 	 0 	 0 	 0 	 0
0.761 	 0 	 0 	 0 	 0 	 0 	 0 	 0 	 0 	 0 	 0 	 0 	 0 	 0 	 0 	 0 	 0 	 0 	 0 	 0 	 0 	 0 	 0 	 0
0.771 	 0 	 0 	 0 	 0 	 0 	 0 	 0 	 0 	 0 	 0 	 0 	 0 	 0 	 0 	 0 	 0 	 0 	 0 	 0 	 0 	 0 	 0 	 0
0.781 	 0 	 0 	 0 	 0 	 0 	 0 	 0 	 0 	 0 	 0 	 0 	 0 	 0 	 0 	 0 	 0 	 0 	 0 	 0 	 0 	 0 	 0 	 0
0.791 	 0 	 0 	 0 	 0 	 0 	 0 	 0 	 0 	 0 	 0 	 0 	 0 	 0 	 0 	 0 	 0 	 0 	 0 	 0 	 0 	 0 	 0 	 0
0.801 	 0 	 0 	 0 	 0 	 0 	 0 	 0 	 0 	 0 	 0 	 0 	 0 	 0 	 0 	 0 	 0 	 0 	 0 	 0 	 0 	 0 	 0 	 0
0.811 	 0 	 0 	 0 	 0 	 0 	 0 	 0 	 0 	 0 	 0 	 0 	 0 	 0 	 0 	 0 	 0 	 0 	 0 	 0 	 0 	 0 	 0 	 0
0.821 	 0 	 0 	 0 	 0 	 0 	 0 	 0 	 0 	 0 	 0 	 0 	 0 	 0 	 0 	 0 	 0 	 0 	 0 	 0 	 0 	 0 	 0 	 0
0.831 	 0 	 0 	 0 	 0 	 0 	 0 	 0 	 0 	 0 	 0 	 0 	 0 	 0 	 0 	 0 	 0 	 0 	 0 	 0 	 0 	 0 	 0 	 0
0.841 	 0 	 0 	 0 	 0 	 0 	 0 	 0 	 0 	 0 	 0 	 0 	 0 	 0 	 0 	 0 	 0 	 0 	 0 	 0 	 0 	 0 	 0 	 0
0.851 	 0 	 0 	 0 	 0 	 0 	 0 	 0 	 0 	 0 	 0 	 0 	 0 	 0 	 0 	 0 	 0 	 0 	 0 	 0 	 0 	 0 	 0 	 0
0.861 	 0 	 0 	 0 	 0 	 0 	 0 	 0 	 0 	 0 	 0 	 0 	 0 	 0 	 0 	 0 	 0 	 0 	 0 	 0 	 0 	 0 	 0 	 0
0.871 	 0 	 0 	 0 	 0 	 0 	 0 	 0 	 0 	 0 	 0 	 0 	 0 	 0 	 0 	 0 	 0 	 0 	 0 	 0 	 0 	 0 	 0 	 0
0.881 	 0 	 0 	 0 	 0 	 0 	 0 	 0 	 0 	 0 	 0 	 0 	 0 	 0 	 0 	 0 	 0 	 0 	 0 	 0 	 0 	 0 	 0 	 0
0.891 	 0 	 0 	 0 	 0 	 0 	 0 	 0 	 0 	 0 	 0 	 0 	 0 	 0 	 0 	 0 	 0 	 0 	 0 	 0 	 0 	 0 	 0 	 0
0.901 	 0 	 0 	 0 	 0 	 0 	 0 	 0 	 0 	 0 	 0 	 0 	 0 	 0 	 0 	 0 	 0 	 0 	 0 	 0 	 0 	 0 	 0 	 0
0.911 	 0 	 0 	 0 	 0 	 0 	 0 	 0 	 0 	 0 	 0 	 0 	 0 	 0 	 0 	 0 	 0 	 0 	 0 	 0 	 0 	 0 	 0 	 0
0.921 	 0 	 0 	 0 	 0 	 0 	 0 	 0 	 0 	 0 	 0 	 0 	 0 	 0 	 0 	 0 	 0 	 0 	 0 	 0 	 0 	 0 	 0 	 0
0.931 	 0 	 0 	 0 	 0 	 0 	 0 	 0 	 0 	 0 	 0 	 0 	 0 	 0 	 0 	 0 	 0 	 0 	 0 	 0 	 0 	 0 	 0 	 0
0.941 	 0 	 0 	 0 	 0 	 0 	 0 	 0 	 0 	 0 	 0 	 0 	 0 	 0 	 0 	 0 	 0 	 0 	 0 	 0 	 0 	 0 	 0 	 0
0.951 	 0 	 0 	 0 	 0 	 0 	 0 	 0 	 0 	 0 	 0 	 0 	 0 	 0 	 0 	 0 	 0 	 0 	 0 	 0 	 0 	 0 	 0 	 0
0.961 	 0 	 0 	 0 	 0 	 0 	 0 	 0 	 0 	 0 	 0 	 0 	 0 	 0 	 0 	 0 	 0 	 0 	 0 	 0 	 0 	 0 	 0 	 0
0.971 	 0 	 0 	 0 	 0 	 0 	 0 	 0 	 0 	 0 	 0 	 0 	 0 	 0 	 0 	 0 	 0 	 0 	 0 	 0 	 0 	 0 	 0 	 0
0.981 	 0 	 0 	 0 	 0 	 0 	 0 	 0 	 0 	 0 	 0 	 0 	 0 	 0 	 0 	 0 	 0 	 0 	 0 	 0 	 0 	 0 	 0 	 0
0.991 	 0 	 0 	 0 	 0 	 0 	 0 	 0 	 0 	 0 	 0 	 0 	 0 	 0 	 0 	 0 	 0 	 0 	 0 	 0 	 0 	 0 	 0 	 0
1.001 	 0 	 0 	 0 	 0 	 0 	 0 	 0 	 0 	 0 	 0 	 0 	 0 	 0 	 0 	 0 	 0 	 0 	 0 	 0 	 0 	 0 	 0 	 0
1.011 	 0 	 0 	 0 	 0 	 0 	 0 	 0 	 0 	 0 	 0 	 0 	 0 	 0 	 0 	 0 	 0 	 0 	 0 	 0 	 0 	 0 	 0 	 0
1.021 	 0 	 0 	 0 	 0 	 0 	 0 	 0 	 0 	 0 	 0 	 0 	 0 	 0 	 0 	 0 	 0 	 0 	 0 	 0 	 0 	 0 	 0 	 0
1.031 	 0 	 0 	 0 	 0 	 0 	 0 	 0 	 0 	 0 	 0 	 0 	 0 	 0 	 0 	 0 	 0 	 0 	 0 	 0 	 0 	 0 	 0 	 0
1.041 	 0 	 0 	 0 	 0 	 0 	 0 	 0 	 0 	 0 	 0 	 0 	 0 	 0 	 0 	 0 	 0 	 0 	 0 	 0 	 0 	 0 	 0 	 0
1.051 	 0 	 0 	 0 	 0 	 0 	 0 	 0 	 0 	 0 	 0 	 0 	 0 	 0 	 0 	 0 	 0 	 0 	 0 	 0 	 0 	 0 	 0 	 0
1.061 	 0 	 0 	 0 	 0 	 0 	 0 	 0 	 0 	 0 	 0 	 0 	 0 	 0 	 0 	 0 	 0 	 0 	 0 	 0 	 0 	 0 	 0 	 0
1.071 	 0 	 0 	 0 	 0 	 0 	 0 	 0 	 0 	 0 	 0 	 0 	 0 	 0 	 0 	 0 	 0 	 0 	 0 	 0 	 0 	 0 	 0 	 0
1.081 	 0 	 0 	 0 	 0 	 0 	 0 	 0 	 0 	 0 	 0 	 0 	 0 	 0 	 0 	 0 	 0 	 0 	 0 	 0 	 0 	 0 	 0 	 0
1.091 	 0 	 0 	 0 	 0 	 0 	 0 	 0 	 0 	 0 	 0 	 0 	 0 	 0 	 0 	 0 	 0 	 0 	 0 	 0 	 0 	 0 	 0 	 0
1.101 	 0 	 0 	 0 	 0 	 0 	 0 	 0 	 0 	 0 	 0 	 0 	 0 	 0 	 0 	 0 	 0 	 0 	 0 	 0 	 0 	 0 	 0 	 0
1.111 	 0 	 0 	 0 	 0 	 0 	 0 	 0 	 0 	 0 	 0 	 0 	 0 	 0 	 0 	 0 	 0 	 0 	 0 	 0 	 0 	 0 	 0 	 0
1.121 	 0 	 0 	 0 	 0 	 0 	 0 	 0 	 0 	 0 	 0 	 0 	 0 	 0 	 0 	 0 	 0 	 0 	 0 	 0 	 0 	 0 	 0 	 0
1.131 	 0 	 0 	 0 	 0 	 0 	 0 	 0 	 0 	 0 	 0 	 0 	 0 	 0 	 0 	 0 	 0 	 0 	 0 	 0 	 0 	 0 	 0 	 0
1.141 	 0 	 0 	 0 	 0 	 0 	 0 	 0 	 0 	 0 	 0 	 0 	 0 	 0 	 0 	 0 	 0 	 0 	 0 	 0 	 0 	 0 	 0 	 0
1.151 	 0 	 0 	 0 	 0 	 0 	 0 	 0 	 0 	 0 	 0 	 0 	 0 	 0 	 0 	 0 	 0 	 0 	 0 	 0 	 0 	 0 	 0 	 0
1.161 	 0 	 0 	 0 	 0 	 0 	 0 	 0 	 0 	 0 	 0 	 0 	 0 	 0 	 0 	 0 	 0 	 0 	 0 	 0 	 0 	 0 	 0 	 0
1.171 	 0 	 0 	 0 	 0 	 0 	 0 	 0 	 0 	 0 	 0 	 0 	 0 	 0 	 0 	 0 	 0 	 0 	 0 	 0 	 0 	 0 	 0 	 0
1.181 	 0 	 0 	 0 	 0 	 0 	 0 	 0 	 0 	 0 	 0 	 0 	 0 	 0 	 0 	 0 	 0 	 0 	 0 	 0 	 0 	 0 	 0 	 0
1.191 	 0 	 0 	 0 	 0 	 0 	 0 	 0 	 0 	 0 	 0 	 0 	 0 	 0 	 0 	 0 	 0 	 0 	 0 	 0 	 0 	 0 	 0 	 0
1.201 	 0 	 0 	 0 	 0 	 0 	 0 	 0 	 0 	 0 	 0 	 0 	 0 	 0 	 0 	 0 	 0 	 0 	 0 	 0 	 0 	 0 	 0 	 0
1.211 	 0 	 0 	 0 	 0 	 0 	 0 	 0 	 0 	 0 	 0 	 0 	 0 	 0 	 0 	 0 	 0 	 0 	 0 	 0 	 0 	 0 	 0 	 0
1.221 	 0 	 0 	 0 	 0 	 0 	 0 	 0 	 0 	 0 	 0 	 0 	 0 	 0 	 0 	 0 	 0 	 0 	 0 	 0 	 0 	 0 	 0 	 0
1.231 	 0 	 0 	 0 	 0 	 0 	 0 	 0 	 0 	 0 	 0 	 0 	 0 	 0 	 0 	 0 	 0 	 0 	 0 	 0 	 0 	 0 	 0 	 0
1.241 	 0 	 0 	 0 	 0 	 0 	 0 	 0 	 0 	 0 	 0 	 0 	 0 	 0 	 0 	 0 	 0 	 0 	 0 	 0 	 0 	 0 	 0 	 0
1.251 	 0 	 0 	 0 	 0 	 0 	 0 	 0 	 0 	 0 	 0 	 0 	 0 	 0 	 0 	 0 	 0 	 0 	 0 	 0 	 0 	 0 	 0 	 0
1.261 	 0 	 0 	 0 	 0 	 0 	 0 	 0 	 0 	 0 	 0 	 0 	 0 	 0 	 0 	 0 	 0 	 0 	 0 	 0 	 0 	 0 	 0 	 0
1.271 	 0 	 0 	 0 	 0 	 0 	 0 	 0 	 0 	 0 	 0 	 0 	 0 	 0 	 0 	 0 	 0 	 0 	 0 	 0 	 0 	 0 	 0 	 0
1.281 	 0 	 0 	 0 	 0 	 0 	 0 	 0 	 0 	 0 	 0 	 0 	 0 	 0 	 0 	 0 	 0 	 0 	 0 	 0 	 0 	 0 	 0 	 0
1.291 	 0 	 0 	 0 	 0 	 0 	 0 	 0 	 0 	 0 	 0 	 0 	 0 	 0 	 0 	 0 	 0 	 0 	 0 	 0 	 0 	 0 	 0 	 0
1.301 	 0 	 0 	 0 	 0 	 0 	 0 	 0 	 0 	 0 	 0 	 0 	 0 	 0 	 0 	 0 	 0 	 0 	 0 	 0 	 0 	 0 	 0 	 0
1.311 	 0 	 0 	 0 	 0 	 0 	 0 	 0 	 0 	 0 	 0 	 0 	 0 	 0 	 0 	 0 	 0 	 0 	 0 	 0 	 0 	 0 	 0 	 0
1.321 	 0 	 0 	 0 	 0 	 0 	 0 	 0 	 0 	 0 	 0 	 0 	 0 	 0 	 0 	 0 	 0 	 0 	 0 	 0 	 0 	 0 	 0 	 0
1.331 	 0 	 0 	 0 	 0 	 0 	 0 	 0 	 0 	 0 	 0 	 0 	 0 	 0 	 0 	 0 	 0 	 0 	 0 	 0 	 0 	 0 	 0 	 0
1.341 	 0 	 0 	 0 	 0 	 0 	 0 	 0 	 0 	 0 	 0 	 0 	 0 	 0 	 0 	 0 	 0 	 0 	 0 	 0 	 0 	 0 	 0 	 0
1.351 	 0 	 0 	 0 	 0 	 0 	 0 	 0 	 0 	 0 	 0 	 0 	 0 	 0 	 0 	 0 	 0 	 0 	 0 	 0 	 0 	 0 	 0 	 0
