Time (Gyr) 	 Pressure (bar) 	 Depth (km) 	 Melt fraction 	 Temp (K) 	 Density (kg m-3)
0.61 	 141829 	 397.166 	 0 	 2164.01 	 3862.05
0.61 	 141529 	 396.355 	 0 	 2163.5 	 3861.52
0.61 	 141229 	 395.543 	 0 	 2162.99 	 3860.99
0.61 	 140929 	 394.731 	 0 	 2162.49 	 3860.46
0.61 	 140629 	 393.92 	 0 	 2161.98 	 3859.94
0.61 	 140329 	 393.108 	 0 	 2161.47 	 3859.41
0.61 	 140030 	 392.296 	 0 	 2160.96 	 3858.88
0.61 	 139730 	 391.484 	 0 	 2160.45 	 3858.35
0.61 	 139430 	 390.672 	 0 	 2159.94 	 3857.82
0.61 	 139130 	 389.86 	 0 	 2159.44 	 3857.29
0.61 	 138831 	 389.048 	 0 	 2158.93 	 3856.76
0.61 	 138531 	 388.236 	 0 	 2158.42 	 3856.23
0.61 	 138231 	 387.424 	 0 	 2157.91 	 3855.7
0.61 	 137931 	 386.612 	 0 	 2157.4 	 3855.17
0.61 	 137632 	 385.799 	 0 	 2156.89 	 3854.64
0.61 	 137332 	 384.987 	 0 	 2156.39 	 3854.1
0.61 	 137032 	 384.174 	 0 	 2155.88 	 3853.57
0.61 	 136733 	 383.362 	 0 	 2155.37 	 3853.04
0.61 	 136433 	 382.549 	 0 	 2154.86 	 3852.51
0.61 	 136134 	 381.737 	 0 	 2154.35 	 3851.98
0.61 	 135834 	 380.924 	 0 	 2153.84 	 3851.45
0.61 	 135534 	 380.111 	 0 	 2153.33 	 3850.91
0.61 	 135235 	 379.298 	 0 	 2152.82 	 3850.38
0.61 	 134935 	 378.485 	 0 	 2152.32 	 3849.85
0.61 	 134636 	 377.672 	 0 	 2151.81 	 3849.32
0.61 	 134336 	 376.859 	 0 	 2151.3 	 3848.78
0.61 	 134037 	 376.046 	 0 	 2150.79 	 3848.25
0.61 	 133737 	 375.233 	 0 	 2150.28 	 3847.72
0.61 	 133438 	 374.42 	 0 	 2149.77 	 3847.19
0.61 	 133138 	 373.606 	 0 	 2149.26 	 3846.65
0.61 	 132839 	 372.793 	 0 	 2148.75 	 3846.12
0.61 	 132539 	 371.98 	 0 	 2148.24 	 3845.58
0.61 	 132240 	 371.166 	 0 	 2147.73 	 3845.05
0.61 	 131941 	 370.352 	 0 	 2147.22 	 3844.52
0.61 	 131641 	 369.539 	 0 	 2146.72 	 3843.98
0.61 	 131342 	 368.725 	 0 	 2146.21 	 3843.45
0.61 	 131043 	 367.911 	 0 	 2145.7 	 3842.91
0.61 	 130743 	 367.097 	 0 	 2145.19 	 3842.38
0.61 	 130444 	 366.284 	 0 	 2144.68 	 3841.84
0.61 	 130145 	 365.47 	 0 	 2144.17 	 3841.31
0.61 	 129845 	 364.656 	 0 	 2143.66 	 3840.77
0.61 	 129546 	 363.841 	 0 	 2143.15 	 3840.23
0.61 	 129247 	 363.027 	 0 	 2142.64 	 3839.7
0.61 	 128948 	 362.213 	 0 	 2142.13 	 3839.16
0.61 	 128648 	 361.399 	 0 	 2141.62 	 3838.63
0.61 	 128349 	 360.584 	 0 	 2141.11 	 3838.09
0.61 	 128050 	 359.77 	 0 	 2140.6 	 3837.55
0.61 	 127751 	 358.955 	 0 	 2140.09 	 3837.02
0.61 	 127452 	 358.141 	 0 	 2139.58 	 3836.48
0.61 	 127153 	 357.326 	 0 	 2139.07 	 3835.94
0.61 	 126853 	 356.511 	 0 	 2138.56 	 3835.4
0.61 	 126554 	 355.697 	 0 	 2138.05 	 3834.87
0.61 	 126255 	 354.882 	 0 	 2137.54 	 3834.33
0.61 	 125956 	 354.067 	 0 	 2137.03 	 3833.79
0.61 	 125657 	 353.252 	 0 	 2136.52 	 3833.25
0.61 	 125358 	 352.437 	 0 	 2136.01 	 3832.71
0.61 	 125059 	 351.622 	 0 	 2135.5 	 3832.18
0.61 	 124760 	 350.807 	 0 	 2134.99 	 3831.64
0.61 	 124461 	 349.991 	 0 	 2134.48 	 3831.1
0.61 	 124162 	 349.176 	 0 	 2133.97 	 3830.56
0.61 	 123863 	 348.361 	 0 	 2133.46 	 3830.02
0.61 	 123564 	 347.545 	 0 	 2132.95 	 3829.48
0.61 	 123265 	 346.73 	 0 	 2132.44 	 3828.94
0.61 	 122966 	 345.914 	 0 	 2131.93 	 3828.4
0.61 	 122667 	 345.099 	 0 	 2131.42 	 3827.86
0.61 	 122368 	 344.283 	 0 	 2130.9 	 3827.32
0.61 	 122069 	 343.467 	 0 	 2130.39 	 3826.78
0.61 	 121771 	 342.651 	 0 	 2129.88 	 3826.24
0.61 	 121472 	 341.835 	 0 	 2129.37 	 3825.7
0.61 	 121173 	 341.019 	 0 	 2128.86 	 3825.16
0.61 	 120874 	 340.203 	 0 	 2128.35 	 3824.62
0.61 	 120575 	 339.387 	 0 	 2127.84 	 3824.07
0.61 	 120276 	 338.571 	 0 	 2127.33 	 3823.53
0.61 	 119978 	 337.755 	 0 	 2126.82 	 3822.99
0.61 	 119679 	 336.938 	 0 	 2126.31 	 3822.45
0.61 	 119380 	 336.122 	 0 	 2125.8 	 3821.91
0.61 	 119081 	 335.305 	 0 	 2125.28 	 3821.36
0.61 	 118783 	 334.489 	 0 	 2124.77 	 3820.82
0.61 	 118484 	 333.672 	 0 	 2124.26 	 3820.28
0.61 	 118185 	 332.856 	 0 	 2123.75 	 3819.74
0.61 	 117887 	 332.039 	 0 	 2123.24 	 3819.19
0.61 	 117588 	 331.222 	 0 	 2122.73 	 3818.65
0.61 	 117289 	 330.405 	 0 	 2122.22 	 3818.11
0.61 	 116991 	 329.588 	 0 	 2121.71 	 3817.56
0.61 	 116692 	 328.771 	 0 	 2121.19 	 3817.02
0.61 	 116394 	 327.954 	 0 	 2120.68 	 3816.47
0.61 	 116095 	 327.137 	 0 	 2120.17 	 3815.93
0.61 	 115797 	 326.32 	 0 	 2119.66 	 3815.38
0.61 	 115498 	 325.502 	 0 	 2119.15 	 3814.84
0.61 	 115199 	 324.685 	 0 	 2118.64 	 3814.29
0.61 	 114901 	 323.868 	 0 	 2118.12 	 3813.75
0.61 	 114602 	 323.05 	 0 	 2117.61 	 3813.2
0.61 	 114304 	 322.233 	 0 	 2117.1 	 3812.66
0.61 	 114006 	 321.415 	 0 	 2116.59 	 3812.11
0.61 	 113707 	 320.597 	 0 	 2116.08 	 3811.57
0.61 	 113409 	 319.779 	 0 	 2115.57 	 3811.02
0.61 	 113110 	 318.962 	 0 	 2115.05 	 3810.47
0.61 	 112812 	 318.144 	 0 	 2114.54 	 3809.93
0.61 	 112513 	 317.326 	 0 	 2114.03 	 3809.38
0.61 	 112215 	 316.508 	 0 	 2113.52 	 3808.83
0.61 	 111917 	 315.69 	 0.00112453 	 2113.01 	 3808.29
0.61 	 111618 	 314.871 	 0.00249822 	 2112.49 	 3807.74
0.61 	 111320 	 314.053 	 0.00387184 	 2111.98 	 3807.19
0.61 	 111022 	 313.235 	 0.00524539 	 2111.47 	 3806.65
0.61 	 110723 	 312.416 	 0.00661887 	 2110.96 	 3806.1
0.61 	 110425 	 311.598 	 0.00799227 	 2110.44 	 3805.55
0.61 	 110127 	 310.779 	 0.00936561 	 2109.93 	 3805
0.61 	 109829 	 309.961 	 0.0107389 	 2109.42 	 3804.45
0.61 	 109530 	 309.142 	 0.0121121 	 2108.91 	 3803.9
0.61 	 109232 	 308.323 	 0.0134852 	 2108.39 	 3803.35
0.61 	 108934 	 307.505 	 0.0148582 	 2107.88 	 3802.81
0.61 	 108636 	 306.686 	 0.0162312 	 2107.37 	 3802.26
0.61 	 108338 	 305.867 	 0.0176041 	 2106.86 	 3801.71
0.61 	 108040 	 305.048 	 0.0189769 	 2106.34 	 3801.16
0.61 	 107741 	 304.229 	 0.0203497 	 2105.83 	 3800.61
0.61 	 107443 	 303.409 	 0.0217224 	 2105.32 	 3800.06
0.61 	 107145 	 302.59 	 0.023095 	 2104.8 	 3799.51
0.61 	 106847 	 301.771 	 0.0244675 	 2104.29 	 3798.96
0.61 	 106549 	 300.951 	 0.02584 	 2103.78 	 3798.41
0.61 	 106251 	 300.132 	 0.0272124 	 2103.27 	 3797.85
0.61 	 105953 	 299.312 	 0.0285847 	 2102.75 	 3797.3
0.61 	 105655 	 298.493 	 0.029957 	 2102.24 	 3796.75
0.61 	 105357 	 297.673 	 0.0313292 	 2101.73 	 3796.2
0.61 	 105059 	 296.853 	 0.0327013 	 2101.21 	 3795.65
0.61 	 104761 	 296.034 	 0.0340733 	 2100.7 	 3795.1
0.61 	 104463 	 295.214 	 0.0354453 	 2100.19 	 3794.55
0.61 	 104165 	 294.394 	 0.0368172 	 2099.67 	 3793.99
0.61 	 103867 	 293.574 	 0.038189 	 2099.16 	 3793.44
0.61 	 103569 	 292.754 	 0.0395608 	 2098.65 	 3792.89
0.61 	 103271 	 291.933 	 0.0409324 	 2098.13 	 3792.33
0.61 	 102973 	 291.113 	 0.0423041 	 2097.62 	 3791.78
0.61 	 102675 	 290.293 	 0.0436756 	 2097.11 	 3791.23
0.61 	 102378 	 289.473 	 0.0450471 	 2096.59 	 3790.67
0.61 	 102080 	 288.652 	 0.0464184 	 2096.08 	 3790.12
0.61 	 101782 	 287.832 	 0.0477898 	 2095.57 	 3789.57
0.61 	 101484 	 287.011 	 0.049161 	 2095.05 	 3789.01
0.61 	 101186 	 286.19 	 0.0505322 	 2094.54 	 3788.46
0.61 	 100889 	 285.37 	 0.0519033 	 2094.02 	 3787.9
0.61 	 100591 	 284.549 	 0.0532743 	 2093.51 	 3787.35
0.61 	 100293 	 283.728 	 0.0546453 	 2093 	 3786.79
0.61 	 99995.3 	 282.907 	 0.0560162 	 2092.48 	 3786.24
0.61 	 99697.6 	 282.086 	 0.057387 	 2091.97 	 3785.68
0.61 	 99399.9 	 281.265 	 0.0587577 	 2091.45 	 3785.13
0.61 	 99102.2 	 280.444 	 0.0601284 	 2090.94 	 3784.57
0.61 	 98804.6 	 279.622 	 0.061499 	 2090.43 	 3784.02
0.61 	 98506.9 	 278.801 	 0.0628695 	 2089.91 	 3783.46
0.61 	 98209.3 	 277.98 	 0.0642399 	 2089.4 	 3782.9
0.61 	 97911.7 	 277.158 	 0.0656103 	 2088.88 	 3782.35
0.61 	 97614.1 	 276.337 	 0.0669806 	 2088.37 	 3781.79
0.61 	 97316.5 	 275.515 	 0.0683509 	 2087.86 	 3781.23
0.61 	 97018.9 	 274.693 	 0.069721 	 2087.34 	 3780.68
0.61 	 96721.4 	 273.872 	 0.0710911 	 2086.83 	 3780.12
0.61 	 96423.8 	 273.05 	 0.0724611 	 2086.31 	 3779.56
0.61 	 96126.3 	 272.228 	 0.0738311 	 2085.8 	 3779
0.61 	 95828.8 	 271.406 	 0.0752009 	 2085.28 	 3778.44
0.61 	 95531.3 	 270.584 	 0.0765707 	 2084.77 	 3777.89
0.61 	 95233.8 	 269.762 	 0.0779405 	 2084.25 	 3777.33
0.61 	 94936.3 	 268.94 	 0.0793101 	 2083.74 	 3776.77
0.61 	 94638.9 	 268.117 	 0.0806797 	 2083.22 	 3776.21
0.61 	 94341.5 	 267.295 	 0.0820492 	 2082.71 	 3775.65
0.61 	 94044.1 	 266.473 	 0.0834186 	 2082.19 	 3775.09
0.61 	 93746.7 	 265.65 	 0.084788 	 2081.68 	 3774.53
0.61 	 93449.3 	 264.827 	 0.0861573 	 2081.17 	 3773.97
0.61 	 93151.9 	 264.005 	 0.0875265 	 2080.65 	 3773.41
0.61 	 92854.6 	 263.182 	 0.0888956 	 2080.14 	 3772.85
0.61 	 92557.2 	 262.359 	 0.0902647 	 2079.62 	 3772.29
0.61 	 92259.9 	 261.537 	 0.0916337 	 2079.1 	 3771.73
0.61 	 91962.6 	 260.714 	 0.0930026 	 2078.59 	 3771.17
0.61 	 91665.3 	 259.891 	 0.0943715 	 2078.07 	 3770.61
0.61 	 91368 	 259.068 	 0.0957403 	 2077.56 	 3770.05
0.61 	 91070.8 	 258.244 	 0.097109 	 2077.04 	 3769.49
0.61 	 90773.5 	 257.421 	 0.0984776 	 2076.53 	 3768.92
0.61 	 90476.3 	 256.598 	 0.0998462 	 2076.01 	 3768.36
0.61 	 90179.1 	 255.775 	 0.101215 	 2075.5 	 3767.8
0.61 	 89881.9 	 254.951 	 0.102583 	 2074.98 	 3767.24
0.61 	 89584.7 	 254.128 	 0.103951 	 2074.47 	 3766.67
0.61 	 89287.6 	 253.304 	 0.10532 	 2073.95 	 3766.11
0.61 	 88990.4 	 252.48 	 0.106688 	 2073.44 	 3765.55
0.61 	 88693.3 	 251.657 	 0.108056 	 2072.92 	 3764.99
0.61 	 88396.2 	 250.833 	 0.109424 	 2072.4 	 3764.42
0.61 	 88099.1 	 250.009 	 0.110792 	 2071.89 	 3763.86
0.61 	 87802 	 249.185 	 0.11216 	 2071.37 	 3763.29
0.61 	 87505 	 248.361 	 0.113528 	 2070.86 	 3762.73
0.61 	 87207.9 	 247.537 	 0.114896 	 2070.34 	 3762.17
0.61 	 86910.9 	 246.713 	 0.116263 	 2069.82 	 3761.6
0.61 	 86613.9 	 245.888 	 0.117631 	 2069.31 	 3761.04
0.61 	 86316.8 	 245.064 	 0.118998 	 2068.79 	 3760.47
0.61 	 86019.9 	 244.24 	 0.120366 	 2068.28 	 3759.91
0.61 	 85722.9 	 243.415 	 0.121733 	 2067.76 	 3759.34
0.61 	 85425.9 	 242.59 	 0.123101 	 2067.24 	 3758.78
0.61 	 85129 	 241.766 	 0.124468 	 2066.73 	 3758.21
0.61 	 84832.1 	 240.941 	 0.125835 	 2066.21 	 3757.64
0.61 	 84535.2 	 240.116 	 0.127202 	 2065.7 	 3757.08
0.61 	 84238.3 	 239.291 	 0.128569 	 2065.18 	 3756.51
0.61 	 83941.4 	 238.467 	 0.129936 	 2064.66 	 3755.94
0.61 	 83644.5 	 237.642 	 0.131303 	 2064.15 	 3755.38
0.61 	 83347.7 	 236.816 	 0.13267 	 2063.63 	 3754.81
0.61 	 83050.9 	 235.991 	 0.134036 	 2063.11 	 3754.24
0.61 	 82754.1 	 235.166 	 0.135403 	 2062.6 	 3753.67
0.61 	 82457.3 	 234.341 	 0.13677 	 2062.08 	 3753.11
0.61 	 82160.5 	 233.515 	 0.138136 	 2061.56 	 3752.54
0.61 	 81863.7 	 232.69 	 0.139503 	 2061.05 	 3751.97
0.61 	 81567 	 231.864 	 0.140869 	 2060.53 	 3751.4
0.61 	 81270.2 	 231.039 	 0.142235 	 2060.01 	 3750.83
0.61 	 80973.5 	 230.213 	 0.143602 	 2059.5 	 3750.26
0.61 	 80676.8 	 229.387 	 0.144968 	 2058.98 	 3749.7
0.61 	 80380.1 	 228.561 	 0.146334 	 2058.46 	 3749.13
0.61 	 80083.5 	 227.735 	 0.1477 	 2057.95 	 3748.56
0.61 	 79786.8 	 226.909 	 0.149066 	 2057.43 	 3747.99
0.61 	 79490.2 	 226.083 	 0.150432 	 2056.91 	 3747.42
0.61 	 79193.6 	 225.257 	 0.151797 	 2056.39 	 3746.85
0.61 	 78897 	 224.431 	 0.153163 	 2055.88 	 3746.28
0.61 	 78600.4 	 223.605 	 0.154529 	 2055.36 	 3745.7
0.61 	 78303.8 	 222.778 	 0.155894 	 2054.84 	 3745.13
0.61 	 78007.2 	 221.952 	 0.15726 	 2054.32 	 3744.56
0.61 	 77710.7 	 221.125 	 0.158625 	 2053.81 	 3743.99
0.61 	 77414.2 	 220.299 	 0.15999 	 2053.29 	 3743.42
0.61 	 77117.7 	 219.472 	 0.161356 	 2052.77 	 3742.85
0.61 	 76821.2 	 218.645 	 0.162721 	 2052.25 	 3742.28
0.61 	 76524.7 	 217.818 	 0.164086 	 2051.74 	 3741.7
0.61 	 76228.3 	 216.991 	 0.165451 	 2051.22 	 3741.13
0.61 	 75931.8 	 216.164 	 0.166816 	 2050.7 	 3740.56
0.61 	 75635.4 	 215.337 	 0.168181 	 2050.18 	 3739.99
0.61 	 75339 	 214.51 	 0.169546 	 2049.67 	 3739.41
0.61 	 75042.6 	 213.683 	 0.170911 	 2049.15 	 3738.84
0.61 	 74746.2 	 212.856 	 0.172275 	 2048.63 	 3738.26
0.61 	 74449.8 	 212.028 	 0.17364 	 2048.11 	 3737.69
0.61 	 74153.5 	 211.201 	 0.175004 	 2047.59 	 3737.12
0.61 	 73857.1 	 210.373 	 0.176369 	 2047.08 	 3736.54
0.61 	 73560.8 	 209.546 	 0.177733 	 2046.56 	 3735.97
0.61 	 73264.5 	 208.718 	 0.179097 	 2046.04 	 3735.39
0.61 	 72968.3 	 207.89 	 0.180462 	 2045.52 	 3734.82
0.61 	 72672 	 207.062 	 0.181826 	 2045 	 3734.24
0.61 	 72375.7 	 206.234 	 0.18319 	 2044.49 	 3733.67
0.61 	 72079.5 	 205.406 	 0.184554 	 2043.97 	 3733.09
0.61 	 71783.3 	 204.578 	 0.185918 	 2043.45 	 3732.52
0.61 	 71487.1 	 203.75 	 0.187282 	 2042.93 	 3731.94
0.61 	 71190.9 	 202.922 	 0.188645 	 2042.41 	 3731.36
0.61 	 70894.7 	 202.093 	 0.190009 	 2041.89 	 3730.79
0.61 	 70598.6 	 201.265 	 0.191301 	 2041.37 	 3730.21
0.61 	 70302.4 	 200.437 	 0.192629 	 2040.86 	 3729.63
0.61 	 70006.3 	 199.608 	 0.193991 	 2040.34 	 3729.05
0.61 	 69710.2 	 198.779 	 0.19539 	 2039.82 	 3728.48
0.61 	 69414.1 	 197.951 	 0.196827 	 2039.3 	 3727.9
0.61 	 69118 	 197.122 	 0.198303 	 2038.78 	 3727.32
0.61 	 68822 	 196.293 	 0.19982 	 2038.26 	 3726.74
0.61 	 68525.9 	 195.464 	 0.201381 	 2037.74 	 3726.16
0.61 	 68229.9 	 194.635 	 0.202986 	 2037.22 	 3725.59
0.61 	 67933.9 	 193.806 	 0.204636 	 2036.7 	 3725.01
0.61 	 67637.9 	 192.977 	 0.206336 	 2036.19 	 3724.43
0.61 	 67341.9 	 192.147 	 0.208085 	 2035.67 	 3723.85
0.61 	 67046 	 191.318 	 0.209885 	 2035.15 	 3723.27
0.61 	 66750 	 190.489 	 0.211739 	 2034.63 	 3722.69
0.61 	 66454.1 	 189.659 	 0.213648 	 2034.11 	 3722.11
0.61 	 66158.2 	 188.829 	 0.215616 	 2033.59 	 3721.53
0.61 	 65862.3 	 188 	 0.217644 	 2033.07 	 3720.95
0.61 	 65566.4 	 187.17 	 0.219735 	 2032.55 	 3720.37
0.61 	 65270.5 	 186.34 	 0.221891 	 2032.03 	 3719.79
0.61 	 64974.7 	 185.51 	 0.224115 	 2031.51 	 3719.2
0.61 	 64678.9 	 184.68 	 0.226409 	 2030.99 	 3718.62
0.61 	 64383.1 	 183.85 	 0.228777 	 2030.47 	 3718.04
0.61 	 64087.3 	 183.02 	 0.231222 	 2029.95 	 3717.46
0.61 	 63791.5 	 182.19 	 0.233746 	 2029.43 	 3716.88
0.61 	 63495.7 	 181.36 	 0.236354 	 2028.91 	 3716.29
0.61 	 63200 	 180.529 	 0.239047 	 2028.39 	 3715.71
0.61 	 62904.2 	 179.699 	 0.241832 	 2027.87 	 3715.13
0.61 	 62608.5 	 178.868 	 0.24471 	 2027.35 	 3714.54
0.61 	 62312.8 	 178.038 	 0.247687 	 2026.83 	 3713.96
0.61 	 62017.1 	 177.207 	 0.250766 	 2026.31 	 3713.38
0.61 	 61721.5 	 176.376 	 0.253951 	 2025.79 	 3712.79
0.61 	 61425.8 	 175.545 	 0.257248 	 2025.27 	 3712.21
0.61 	 61130.2 	 174.714 	 0.260662 	 2024.75 	 3711.62
0.61 	 60834.5 	 173.883 	 0.264199 	 2024.23 	 3711.04
0.61 	 60538.9 	 173.052 	 0.267862 	 2023.71 	 3710.46
0.61 	 60243.4 	 172.221 	 0.271657 	 2023.19 	 3709.87
0.61 	 59947.8 	 171.39 	 0.27412 	 2022.67 	 3709.28
0.61 	 59652.2 	 170.558 	 0.276591 	 2022.15 	 3708.7
0.61 	 59356.7 	 169.727 	 0.279326 	 2021.63 	 3708.11
0.61 	 59061.2 	 168.895 	 0.282315 	 2021.11 	 3707.53
0.61 	 58765.7 	 168.064 	 0.285553 	 2020.59 	 3706.94
0.61 	 58470.2 	 167.232 	 0.289037 	 2020.07 	 3706.35
0.61 	 58174.7 	 166.4 	 0.292322 	 2019.55 	 3705.77
0.61 	 57879.2 	 165.568 	 0.293432 	 2019.03 	 3705.18
0.61 	 57583.8 	 164.736 	 0.294608 	 2018.51 	 3704.59
0.61 	 57288.4 	 163.904 	 0.295847 	 2017.99 	 3704
0.61 	 56993 	 163.072 	 0.297148 	 2017.47 	 3703.42
0.61 	 56697.6 	 162.24 	 0.298507 	 2016.94 	 3702.83
0.61 	 56402.2 	 161.408 	 0.29993 	 2016.42 	 3702.24
0.61 	 56106.8 	 160.576 	 0.301414 	 2015.9 	 3701.65
0.61 	 55811.5 	 159.743 	 0.302958 	 2015.38 	 3701.06
0.61 	 55516.2 	 158.911 	 0.304563 	 2014.86 	 3700.47
0.61 	 55220.9 	 158.078 	 0.306219 	 2014.34 	 3699.88
0.61 	 54925.6 	 157.245 	 0.30791 	 2013.82 	 3699.29
0.61 	 54630.3 	 156.413 	 0.309663 	 2013.3 	 3698.71
0.61 	 54335 	 155.58 	 0.311478 	 2012.78 	 3698.12
0.61 	 54039.8 	 154.747 	 0.313351 	 2012.25 	 3697.52
0.61 	 53744.6 	 153.914 	 0.315295 	 2011.73 	 3696.93
0.61 	 53449.3 	 153.081 	 0.317306 	 2011.21 	 3696.34
0.61 	 53154.2 	 152.248 	 0.319385 	 2010.69 	 3695.75
0.61 	 52859 	 151.414 	 0.321535 	 2010.17 	 3695.16
0.61 	 52563.8 	 150.581 	 0.323759 	 2009.65 	 3694.57
0.61 	 52268.7 	 149.748 	 0.326051 	 2009.12 	 3693.98
0.61 	 51973.5 	 148.914 	 0.328427 	 2008.6 	 3693.39
0.61 	 51678.4 	 148.081 	 0.330883 	 2008.08 	 3692.79
0.61 	 51383.3 	 147.247 	 0.333423 	 2007.56 	 3692.2
0.61 	 51088.2 	 146.413 	 0.336048 	 2007.04 	 3691.61
0.61 	 50793.2 	 145.579 	 0.338756 	 2006.51 	 3691.01
0.61 	 50498.1 	 144.745 	 0.341564 	 2005.99 	 3690.42
0.61 	 50203.1 	 143.911 	 0.344468 	 2005.47 	 3689.83
0.61 	 49908.1 	 143.077 	 0.347473 	 2004.95 	 3689.23
0.61 	 49613.1 	 142.243 	 0.350583 	 2004.43 	 3688.64
0.61 	 49318.1 	 141.409 	 0.353794 	 2003.9 	 3688.05
0.61 	 49023.1 	 140.575 	 0.357126 	 2003.38 	 3687.45
0.61 	 48728.2 	 139.74 	 0.360576 	 2002.86 	 3686.86
0.61 	 48433.3 	 138.906 	 0.364151 	 2002.34 	 3686.26
0.61 	 48138.4 	 138.071 	 0.367846 	 2001.81 	 3685.67
0.61 	 47843.5 	 137.236 	 0.371686 	 2001.29 	 3685.07
0.61 	 47548.6 	 136.402 	 0.375667 	 2000.77 	 3684.47
0.61 	 47253.7 	 135.567 	 0.379798 	 2000.25 	 3683.88
0.61 	 46958.9 	 134.732 	 0.384072 	 1999.72 	 3683.28
0.61 	 46664 	 133.897 	 0.388522 	 1999.2 	 3682.68
0.61 	 46369.2 	 133.062 	 0.393141 	 1998.68 	 3682.09
0.61 	 46074.4 	 132.227 	 0.39794 	 1998.16 	 3681.49
0.61 	 45779.6 	 131.391 	 0.402916 	 1997.63 	 3680.89
0.61 	 45484.9 	 130.556 	 0.408101 	 1997.11 	 3680.3
0.61 	 45190.1 	 129.721 	 0.413496 	 1996.59 	 3679.7
0.61 	 44895.4 	 128.885 	 0.419097 	 1996.06 	 3679.1
0.61 	 44600.7 	 128.049 	 0.424941 	 1995.54 	 3678.5
0.61 	 44306 	 127.214 	 0.431029 	 1995.02 	 3677.9
0.61 	 44011.3 	 126.378 	 0.43736 	 1994.49 	 3677.3
0.61 	 43716.6 	 125.542 	 0.443975 	 1993.97 	 3676.7
0.61 	 43422 	 124.706 	 0.450874 	 1993.45 	 3676.1
0.61 	 43127.3 	 123.87 	 0.458061 	 1992.92 	 3675.51
0.61 	 42832.7 	 123.034 	 0.465578 	 1992.4 	 3674.91
0.61 	 42538.1 	 122.198 	 0.473431 	 1991.88 	 3674.3
0.61 	 42243.5 	 121.362 	 0.48162 	 1991.35 	 3673.7
0.61 	 41949 	 120.525 	 0.490197 	 1990.83 	 3673.1
0.61 	 41654.4 	 119.689 	 0.499172 	 1990.31 	 3672.5
0.61 	 41359.9 	 118.852 	 0.508154 	 1989.78 	 3671.9
0.61 	 41065.4 	 118.016 	 0.516433 	 1989.26 	 3671.3
0.61 	 40770.9 	 117.179 	 0.525006 	 1988.74 	 3670.7
0.61 	 40476.4 	 116.342 	 0.533862 	 1988.21 	 3670.1
0.61 	 40181.9 	 115.505 	 0.543055 	 1987.69 	 3669.49
0.61 	 39887.5 	 114.668 	 0.552547 	 1987.16 	 3668.89
0.61 	 39593 	 113.831 	 0.562403 	 1986.64 	 3668.29
0.61 	 39298.6 	 112.994 	 0.572604 	 1986.12 	 3667.68
0.61 	 39004.2 	 112.157 	 0.583138 	 1985.59 	 3667.08
0.61 	 38709.8 	 111.32 	 0.594067 	 1985.07 	 3666.48
0.61 	 38415.4 	 110.482 	 0.605349 	 1984.54 	 3665.87
0.61 	 38121.1 	 109.645 	 0.617043 	 1984.02 	 3665.27
0.61 	 37826.8 	 108.807 	 0.629137 	 1983.5 	 3664.66
0.61 	 37532.4 	 107.969 	 0.641615 	 1982.97 	 3664.06
0.61 	 37238.1 	 107.132 	 0.654533 	 1982.45 	 3663.46
0.61 	 36943.9 	 106.294 	 0.66783 	 1981.92 	 3662.85
0.61 	 36649.6 	 105.456 	 0.681569 	 1981.4 	 3662.24
0.61 	 36355.3 	 104.618 	 0.695711 	 1980.87 	 3661.64
0.61 	 36061.1 	 103.78 	 0.710319 	 1980.35 	 3661.03
0.61 	 35766.9 	 102.942 	 0.725337 	 1979.82 	 3660.43
0.61 	 35472.7 	 102.103 	 0.740835 	 1979.3 	 3659.82
0.61 	 35178.5 	 101.265 	 0.756745 	 1978.77 	 3659.21
0.61 	 34884.3 	 100.427 	 0.773138 	 1978.25 	 3658.61
0.61 	 34590.2 	 99.588 	 0.789936 	 1977.72 	 3658
0.61 	 34296.1 	 98.7494 	 0.807217 	 1977.2 	 3657.39
0.61 	 34001.9 	 97.9107 	 0.824913 	 1976.67 	 3656.78
0.61 	 33707.8 	 97.0719 	 0.843087 	 1976.15 	 3656.17
0.61 	 33413.8 	 96.233 	 0.861658 	 1975.62 	 3655.57
0.61 	 33119.7 	 95.394 	 0.880722 	 1975.1 	 3654.96
0.61 	 32825.6 	 94.5549 	 0.900194 	 1974.57 	 3654.35
0.61 	 32531.6 	 93.7158 	 0.920151 	 1974.05 	 3653.74
0.61 	 32237.6 	 92.8766 	 0.940525 	 1973.52 	 3653.13
0.61 	 31943.6 	 92.0372 	 0.961409 	 1973 	 3652.52
0.61 	 31649.6 	 91.1978 	 0.982732 	 1972.47 	 3651.91
0.61 	 31355.6 	 90.3583 	 1 	 1971.95 	 3651.3
0.61 	 31061.7 	 89.5187 	 1 	 1971.42 	 3650.69
0.61 	 30767.8 	 88.679 	 1 	 1970.89 	 3650.08
0.61 	 30473.9 	 87.8392 	 1 	 1970.37 	 3649.47
0.61 	 30180 	 86.9994 	 1 	 1969.84 	 3648.85
0.61 	 29886.1 	 86.1594 	 1 	 1969.32 	 3648.24
0.61 	 29592.2 	 85.3194 	 1 	 1968.79 	 3647.63
0.61 	 29298.4 	 84.4793 	 1 	 1968.27 	 3647.02
0.61 	 29004.5 	 83.639 	 1 	 1967.74 	 3646.41
0.61 	 28710.7 	 82.7987 	 1 	 1967.21 	 3645.79
0.61 	 28416.9 	 81.9583 	 1 	 1966.69 	 3645.18
0.61 	 28123.1 	 81.1178 	 1 	 1966.16 	 3644.57
0.61 	 27829.4 	 80.2773 	 1 	 1965.64 	 3643.95
0.61 	 27535.6 	 79.4366 	 1 	 1965.11 	 3643.34
0.61 	 27241.9 	 78.5958 	 1 	 1964.58 	 3642.72
0.61 	 26948.2 	 77.755 	 1 	 1964.06 	 3642.11
0.61 	 26654.5 	 76.914 	 1 	 1963.53 	 3641.49
0.61 	 26360.8 	 76.073 	 1 	 1963 	 3640.88
0.61 	 26067.2 	 75.2319 	 1 	 1962.48 	 3640.26
0.61 	 25773.5 	 74.3907 	 1 	 1961.95 	 3639.65
0.61 	 25479.9 	 73.5494 	 1 	 1961.42 	 3639.03
0.61 	 25186.3 	 72.708 	 1 	 1960.9 	 3638.42
0.61 	 24892.7 	 71.8665 	 1 	 1960.37 	 3637.8
0.61 	 24599.1 	 71.025 	 1 	 1959.84 	 3637.18
0.61 	 24305.6 	 70.1833 	 1 	 1959.32 	 3636.57
0.61 	 24012 	 69.3415 	 1 	 1958.79 	 3635.95
0.61 	 23718.5 	 68.4997 	 1 	 1958.26 	 3635.33
0.61 	 23425 	 67.6578 	 1 	 1957.74 	 3634.71
0.61 	 23131.5 	 66.8157 	 1 	 1957.21 	 3634.09
0.61 	 22838 	 65.9736 	 1 	 1956.68 	 3633.48
0.61 	 22544.6 	 65.1314 	 1 	 1956.15 	 3632.86
0.61 	 22251.1 	 64.2891 	 1 	 1955.63 	 3632.24
0.61 	 21957.7 	 63.4467 	 1 	 1955.1 	 3631.62
0.61 	 21664.3 	 62.6042 	 1 	 1954.57 	 3631
0.61 	 21370.9 	 61.7617 	 1 	 1954.04 	 3630.38
0.61 	 21077.5 	 60.919 	 1 	 1953.52 	 3629.76
0.61 	 20784.2 	 60.0762 	 1 	 1952.99 	 3629.14
0.61 	 20490.8 	 59.2334 	 1 	 1952.46 	 3628.52
0.61 	 20197.5 	 58.3904 	 1 	 1951.93 	 3627.9
0.61 	 19904.2 	 57.5474 	 1 	 1951.41 	 3627.27
0.61 	 19610.9 	 56.7043 	 1 	 1950.88 	 3626.65
0.61 	 19317.6 	 55.8611 	 1 	 1950.35 	 3626.03
0.61 	 19024.4 	 55.0178 	 1 	 1949.82 	 3625.41
0.61 	 18731.2 	 54.1744 	 1 	 1949.29 	 3624.79
0.61 	 18437.9 	 53.3309 	 1 	 1948.77 	 3624.16
0.61 	 18144.7 	 52.4873 	 1 	 1948.24 	 3623.54
0.61 	 17851.6 	 51.6436 	 1 	 1947.71 	 3622.92
0.61 	 17558.4 	 50.7998 	 1 	 1947.18 	 3622.29
0.61 	 17265.2 	 49.9559 	 1 	 1946.65 	 3621.67
0.61 	 16972.1 	 49.112 	 1 	 1946.13 	 3621.04
0.61 	 16679 	 48.2679 	 1 	 1945.6 	 3620.42
0.61 	 16385.9 	 47.4238 	 1 	 1945.07 	 3619.8
0.61 	 16092.8 	 46.5795 	 1 	 1944.54 	 3619.17
0.61 	 15799.7 	 45.7352 	 1 	 1925.86 	 3618.54
0.61 	 15506.7 	 44.8908 	 1 	 1903.06 	 3617.92
0.61 	 15213.7 	 44.0463 	 1 	 1879.91 	 3617.29
0.61 	 14920.7 	 43.2017 	 1 	 1856.4 	 3616.67
0.61 	 14627.7 	 42.3569 	 1 	 1832.54 	 3616.04
0.61 	 14334.7 	 41.5121 	 1 	 1808.33 	 3615.41
0.61 	 14041.7 	 40.6673 	 1 	 1783.77 	 3614.79
0.61 	 13748.8 	 39.8223 	 1 	 1758.87 	 3614.16
0.61 	 13455.9 	 38.9772 	 1 	 1733.61 	 3613.53
0.61 	 13162.9 	 38.132 	 1 	 1708.02 	 3612.9
0.61 	 12870.1 	 37.2867 	 1 	 1682.09 	 3612.27
0.61 	 12577.2 	 36.4414 	 0.986396 	 1655.82 	 3611.65
0.61 	 12284.3 	 35.5959 	 0.831388 	 1629.21 	 3611.02
0.61 	 11991.5 	 34.7504 	 0.698964 	 1602.28 	 3610.39
0.61 	 11698.7 	 33.9047 	 0.589838 	 1575.02 	 3609.76
0.61 	 11405.9 	 33.059 	 0.476967 	 1547.44 	 3609.13
0.61 	 11113.1 	 32.2131 	 0.327889 	 1519.54 	 3608.5
0.61 	 10820.3 	 31.3672 	 0.225375 	 1491.33 	 3607.87
0.61 	 10527.5 	 30.5212 	 0.160148 	 1462.82 	 3607.24
0.61 	 10234.8 	 29.675 	 0.118323 	 1433.99 	 3606.6
0.61 	 9942.09 	 28.8288 	 0.0908859 	 1404.87 	 3605.97
0.61 	 9649.39 	 27.9825 	 0.0711707 	 1375.46 	 3605.34
0.61 	 9356.7 	 27.1361 	 0.0574155 	 1345.76 	 3604.71
0.61 	 9064.04 	 26.2896 	 0.0471488 	 1315.78 	 3604.08
0.61 	 8771.39 	 25.443 	 0.0391714 	 1285.52 	 3603.44
0.61 	 8478.75 	 24.5963 	 0.0327524 	 1255 	 3602.81
0.61 	 8186.14 	 23.7495 	 0.027457 	 1224.21 	 3602.18
0.61 	 7893.54 	 22.9026 	 0.0229817 	 1193.17 	 3601.54
0.61 	 7600.96 	 22.0556 	 0.0191272 	 1161.88 	 3600.91
0.61 	 7308.4 	 21.2085 	 0.0155782 	 1130.35 	 3600.28
0.61 	 7015.85 	 20.3614 	 0.00361877 	 1098.58 	 3599.64
0.61 	 6723.33 	 19.5141 	 0 	 1066.59 	 3599.01
0.61 	 6430.81 	 18.6667 	 0 	 1034.38 	 3598.37
0.61 	 6138.32 	 17.8193 	 0 	 1001.95 	 3597.74
0.61 	 5845.85 	 16.9717 	 0 	 969.329 	 3597.1
0.61 	 5553.39 	 16.124 	 0 	 936.51 	 3596.46
0.61 	 5260.95 	 15.2763 	 0 	 903.504 	 3595.83
0.61 	 4968.52 	 14.4284 	 0 	 870.321 	 3595.19
0.61 	 4676.12 	 13.5805 	 0 	 836.969 	 3594.55
0.61 	 4383.73 	 12.7324 	 0 	 803.457 	 3593.92
0.61 	 4091.36 	 11.8843 	 0 	 769.794 	 3593.28
0.61 	 3799 	 11.036 	 0 	 735.99 	 3592.64
0.61 	 3506.67 	 10.1877 	 0 	 702.053 	 3592
0.61 	 3214.35 	 9.33926 	 0 	 667.993 	 3591.37
0.61 	 2922.05 	 8.49073 	 0 	 633.82 	 3590.73
0.61 	 2629.76 	 7.6421 	 0 	 599.543 	 3590.09
0.61 	 2337.5 	 6.79337 	 0 	 565.172 	 3589.45
0.61 	 2045.25 	 5.94454 	 0 	 530.716 	 3588.81
0.61 	 1753.02 	 5.09561 	 0 	 496.186 	 3588.17
0.61 	 1460.8 	 4.24659 	 0 	 461.591 	 3587.53
0.61 	 1168.61 	 3.39747 	 0 	 426.942 	 3586.89
0.61 	 876.43 	 2.54825 	 0 	 392.248 	 3586.25
0.61 	 584.269 	 1.69893 	 0 	 357.52 	 3585.6
0.61 	 292.126 	 0.849515 	 0 	 322.767 	 3584.96
0.61 	 0.999079 	 0 	 0 	 0 	 3584.32
Time (Gyr) 	 Pressure (bar) 	 Depth (km) 	 Melt fraction 	 Temp (K) 	 Density (kg m-3)
0.62 	 142129 	 397.978 	 0 	 2163.07 	 3862.58
0.62 	 141829 	 397.166 	 0 	 2162.56 	 3862.05
0.62 	 141529 	 396.355 	 0 	 2162.05 	 3861.52
0.62 	 141229 	 395.543 	 0 	 2161.54 	 3860.99
0.62 	 140929 	 394.731 	 0 	 2161.04 	 3860.46
0.62 	 140629 	 393.92 	 0 	 2160.53 	 3859.94
0.62 	 140329 	 393.108 	 0 	 2160.02 	 3859.41
0.62 	 140030 	 392.296 	 0 	 2159.51 	 3858.88
0.62 	 139730 	 391.484 	 0 	 2159 	 3858.35
0.62 	 139430 	 390.672 	 0 	 2158.5 	 3857.82
0.62 	 139130 	 389.86 	 0 	 2157.99 	 3857.29
0.62 	 138831 	 389.048 	 0 	 2157.48 	 3856.76
0.62 	 138531 	 388.236 	 0 	 2156.97 	 3856.23
0.62 	 138231 	 387.424 	 0 	 2156.46 	 3855.7
0.62 	 137931 	 386.612 	 0 	 2155.96 	 3855.17
0.62 	 137632 	 385.799 	 0 	 2155.45 	 3854.64
0.62 	 137332 	 384.987 	 0 	 2154.94 	 3854.1
0.62 	 137032 	 384.174 	 0 	 2154.43 	 3853.57
0.62 	 136733 	 383.362 	 0 	 2153.92 	 3853.04
0.62 	 136433 	 382.549 	 0 	 2153.41 	 3852.51
0.62 	 136134 	 381.737 	 0 	 2152.91 	 3851.98
0.62 	 135834 	 380.924 	 0 	 2152.4 	 3851.45
0.62 	 135534 	 380.111 	 0 	 2151.89 	 3850.91
0.62 	 135235 	 379.298 	 0 	 2151.38 	 3850.38
0.62 	 134935 	 378.485 	 0 	 2150.87 	 3849.85
0.62 	 134636 	 377.672 	 0 	 2150.36 	 3849.32
0.62 	 134336 	 376.859 	 0 	 2149.86 	 3848.78
0.62 	 134037 	 376.046 	 0 	 2149.35 	 3848.25
0.62 	 133737 	 375.233 	 0 	 2148.84 	 3847.72
0.62 	 133438 	 374.42 	 0 	 2148.33 	 3847.19
0.62 	 133138 	 373.606 	 0 	 2147.82 	 3846.65
0.62 	 132839 	 372.793 	 0 	 2147.31 	 3846.12
0.62 	 132539 	 371.98 	 0 	 2146.8 	 3845.58
0.62 	 132240 	 371.166 	 0 	 2146.29 	 3845.05
0.62 	 131941 	 370.352 	 0 	 2145.78 	 3844.52
0.62 	 131641 	 369.539 	 0 	 2145.28 	 3843.98
0.62 	 131342 	 368.725 	 0 	 2144.77 	 3843.45
0.62 	 131043 	 367.911 	 0 	 2144.26 	 3842.91
0.62 	 130743 	 367.097 	 0 	 2143.75 	 3842.38
0.62 	 130444 	 366.284 	 0 	 2143.24 	 3841.84
0.62 	 130145 	 365.47 	 0 	 2142.73 	 3841.31
0.62 	 129845 	 364.656 	 0 	 2142.22 	 3840.77
0.62 	 129546 	 363.841 	 0 	 2141.71 	 3840.23
0.62 	 129247 	 363.027 	 0 	 2141.2 	 3839.7
0.62 	 128948 	 362.213 	 0 	 2140.69 	 3839.16
0.62 	 128648 	 361.399 	 0 	 2140.18 	 3838.63
0.62 	 128349 	 360.584 	 0 	 2139.67 	 3838.09
0.62 	 128050 	 359.77 	 0 	 2139.16 	 3837.55
0.62 	 127751 	 358.955 	 0 	 2138.65 	 3837.02
0.62 	 127452 	 358.141 	 0 	 2138.15 	 3836.48
0.62 	 127153 	 357.326 	 0 	 2137.64 	 3835.94
0.62 	 126853 	 356.511 	 0 	 2137.13 	 3835.4
0.62 	 126554 	 355.697 	 0 	 2136.62 	 3834.87
0.62 	 126255 	 354.882 	 0 	 2136.11 	 3834.33
0.62 	 125956 	 354.067 	 0 	 2135.6 	 3833.79
0.62 	 125657 	 353.252 	 0 	 2135.09 	 3833.25
0.62 	 125358 	 352.437 	 0 	 2134.58 	 3832.71
0.62 	 125059 	 351.622 	 0 	 2134.07 	 3832.18
0.62 	 124760 	 350.807 	 0 	 2133.56 	 3831.64
0.62 	 124461 	 349.991 	 0 	 2133.05 	 3831.1
0.62 	 124162 	 349.176 	 0 	 2132.54 	 3830.56
0.62 	 123863 	 348.361 	 0 	 2132.03 	 3830.02
0.62 	 123564 	 347.545 	 0 	 2131.52 	 3829.48
0.62 	 123265 	 346.73 	 0 	 2131.01 	 3828.94
0.62 	 122966 	 345.914 	 0 	 2130.5 	 3828.4
0.62 	 122667 	 345.099 	 0 	 2129.99 	 3827.86
0.62 	 122368 	 344.283 	 0 	 2129.48 	 3827.32
0.62 	 122069 	 343.467 	 0 	 2128.97 	 3826.78
0.62 	 121771 	 342.651 	 0 	 2128.45 	 3826.24
0.62 	 121472 	 341.835 	 0 	 2127.94 	 3825.7
0.62 	 121173 	 341.019 	 0 	 2127.43 	 3825.16
0.62 	 120874 	 340.203 	 0 	 2126.92 	 3824.62
0.62 	 120575 	 339.387 	 0 	 2126.41 	 3824.07
0.62 	 120276 	 338.571 	 0 	 2125.9 	 3823.53
0.62 	 119978 	 337.755 	 0 	 2125.39 	 3822.99
0.62 	 119679 	 336.938 	 0 	 2124.88 	 3822.45
0.62 	 119380 	 336.122 	 0 	 2124.37 	 3821.91
0.62 	 119081 	 335.305 	 0 	 2123.86 	 3821.36
0.62 	 118783 	 334.489 	 0 	 2123.35 	 3820.82
0.62 	 118484 	 333.672 	 0 	 2122.84 	 3820.28
0.62 	 118185 	 332.856 	 0 	 2122.33 	 3819.74
0.62 	 117887 	 332.039 	 0 	 2121.82 	 3819.19
0.62 	 117588 	 331.222 	 0 	 2121.3 	 3818.65
0.62 	 117289 	 330.405 	 0 	 2120.79 	 3818.11
0.62 	 116991 	 329.588 	 0 	 2120.28 	 3817.56
0.62 	 116692 	 328.771 	 0 	 2119.77 	 3817.02
0.62 	 116394 	 327.954 	 0 	 2119.26 	 3816.47
0.62 	 116095 	 327.137 	 0 	 2118.75 	 3815.93
0.62 	 115797 	 326.32 	 0 	 2118.24 	 3815.38
0.62 	 115498 	 325.502 	 0 	 2117.73 	 3814.84
0.62 	 115199 	 324.685 	 0 	 2117.22 	 3814.29
0.62 	 114901 	 323.868 	 0 	 2116.7 	 3813.75
0.62 	 114602 	 323.05 	 0 	 2116.19 	 3813.2
0.62 	 114304 	 322.233 	 0 	 2115.68 	 3812.66
0.62 	 114006 	 321.415 	 0 	 2115.17 	 3812.11
0.62 	 113707 	 320.597 	 0 	 2114.66 	 3811.57
0.62 	 113409 	 319.779 	 0 	 2114.15 	 3811.02
0.62 	 113110 	 318.962 	 0 	 2113.64 	 3810.47
0.62 	 112812 	 318.144 	 0 	 2113.12 	 3809.93
0.62 	 112513 	 317.326 	 0 	 2112.61 	 3809.38
0.62 	 112215 	 316.508 	 0.000675008 	 2112.1 	 3808.83
0.62 	 111917 	 315.69 	 0.00204144 	 2111.59 	 3808.29
0.62 	 111618 	 314.871 	 0.0034078 	 2111.08 	 3807.74
0.62 	 111320 	 314.053 	 0.0047741 	 2110.56 	 3807.19
0.62 	 111022 	 313.235 	 0.00614032 	 2110.05 	 3806.65
0.62 	 110723 	 312.416 	 0.00750646 	 2109.54 	 3806.1
0.62 	 110425 	 311.598 	 0.00887254 	 2109.03 	 3805.55
0.62 	 110127 	 310.779 	 0.0102385 	 2108.52 	 3805
0.62 	 109829 	 309.961 	 0.0116045 	 2108 	 3804.45
0.62 	 109530 	 309.142 	 0.0129703 	 2107.49 	 3803.9
0.62 	 109232 	 308.323 	 0.0143361 	 2106.98 	 3803.35
0.62 	 108934 	 307.505 	 0.0157019 	 2106.47 	 3802.81
0.62 	 108636 	 306.686 	 0.0170675 	 2105.96 	 3802.26
0.62 	 108338 	 305.867 	 0.0184331 	 2105.44 	 3801.71
0.62 	 108040 	 305.048 	 0.0197986 	 2104.93 	 3801.16
0.62 	 107741 	 304.229 	 0.021164 	 2104.42 	 3800.61
0.62 	 107443 	 303.409 	 0.0225294 	 2103.91 	 3800.06
0.62 	 107145 	 302.59 	 0.0238947 	 2103.39 	 3799.51
0.62 	 106847 	 301.771 	 0.0252599 	 2102.88 	 3798.96
0.62 	 106549 	 300.951 	 0.026625 	 2102.37 	 3798.41
0.62 	 106251 	 300.132 	 0.0279901 	 2101.86 	 3797.85
0.62 	 105953 	 299.312 	 0.0293551 	 2101.34 	 3797.3
0.62 	 105655 	 298.493 	 0.0307201 	 2100.83 	 3796.75
0.62 	 105357 	 297.673 	 0.0320849 	 2100.32 	 3796.2
0.62 	 105059 	 296.853 	 0.0334497 	 2099.8 	 3795.65
0.62 	 104761 	 296.034 	 0.0348144 	 2099.29 	 3795.1
0.62 	 104463 	 295.214 	 0.0361791 	 2098.78 	 3794.55
0.62 	 104165 	 294.394 	 0.0375436 	 2098.27 	 3793.99
0.62 	 103867 	 293.574 	 0.0389082 	 2097.75 	 3793.44
0.62 	 103569 	 292.754 	 0.0402726 	 2097.24 	 3792.89
0.62 	 103271 	 291.933 	 0.0416369 	 2096.73 	 3792.33
0.62 	 102973 	 291.113 	 0.0430012 	 2096.21 	 3791.78
0.62 	 102675 	 290.293 	 0.0443654 	 2095.7 	 3791.23
0.62 	 102378 	 289.473 	 0.0457296 	 2095.19 	 3790.67
0.62 	 102080 	 288.652 	 0.0470937 	 2094.67 	 3790.12
0.62 	 101782 	 287.832 	 0.0484577 	 2094.16 	 3789.57
0.62 	 101484 	 287.011 	 0.0498216 	 2093.65 	 3789.01
0.62 	 101186 	 286.19 	 0.0511855 	 2093.13 	 3788.46
0.62 	 100889 	 285.37 	 0.0525492 	 2092.62 	 3787.9
0.62 	 100591 	 284.549 	 0.053913 	 2092.11 	 3787.35
0.62 	 100293 	 283.728 	 0.0552766 	 2091.59 	 3786.79
0.62 	 99995.3 	 282.907 	 0.0566402 	 2091.08 	 3786.24
0.62 	 99697.6 	 282.086 	 0.0580037 	 2090.57 	 3785.68
0.62 	 99399.9 	 281.265 	 0.0593671 	 2090.05 	 3785.13
0.62 	 99102.2 	 280.444 	 0.0607304 	 2089.54 	 3784.57
0.62 	 98804.6 	 279.622 	 0.0620937 	 2089.02 	 3784.02
0.62 	 98506.9 	 278.801 	 0.0634569 	 2088.51 	 3783.46
0.62 	 98209.3 	 277.98 	 0.0648201 	 2088 	 3782.9
0.62 	 97911.7 	 277.158 	 0.0661831 	 2087.48 	 3782.35
0.62 	 97614.1 	 276.337 	 0.0675461 	 2086.97 	 3781.79
0.62 	 97316.5 	 275.515 	 0.0689091 	 2086.46 	 3781.23
0.62 	 97018.9 	 274.693 	 0.0702719 	 2085.94 	 3780.68
0.62 	 96721.4 	 273.872 	 0.0716347 	 2085.43 	 3780.12
0.62 	 96423.8 	 273.05 	 0.0729974 	 2084.91 	 3779.56
0.62 	 96126.3 	 272.228 	 0.07436 	 2084.4 	 3779
0.62 	 95828.8 	 271.406 	 0.0757226 	 2083.88 	 3778.44
0.62 	 95531.3 	 270.584 	 0.0770851 	 2083.37 	 3777.89
0.62 	 95233.8 	 269.762 	 0.0784475 	 2082.86 	 3777.33
0.62 	 94936.3 	 268.94 	 0.0798098 	 2082.34 	 3776.77
0.62 	 94638.9 	 268.117 	 0.0811721 	 2081.83 	 3776.21
0.62 	 94341.5 	 267.295 	 0.0825343 	 2081.31 	 3775.65
0.62 	 94044.1 	 266.473 	 0.0838964 	 2080.8 	 3775.09
0.62 	 93746.7 	 265.65 	 0.0852585 	 2080.28 	 3774.53
0.62 	 93449.3 	 264.827 	 0.0866205 	 2079.77 	 3773.97
0.62 	 93151.9 	 264.005 	 0.0879824 	 2079.25 	 3773.41
0.62 	 92854.6 	 263.182 	 0.0893442 	 2078.74 	 3772.85
0.62 	 92557.2 	 262.359 	 0.090706 	 2078.23 	 3772.29
0.62 	 92259.9 	 261.537 	 0.0920677 	 2077.71 	 3771.73
0.62 	 91962.6 	 260.714 	 0.0934293 	 2077.2 	 3771.17
0.62 	 91665.3 	 259.891 	 0.0947908 	 2076.68 	 3770.61
0.62 	 91368 	 259.068 	 0.0961523 	 2076.17 	 3770.05
0.62 	 91070.8 	 258.244 	 0.0975137 	 2075.65 	 3769.49
0.62 	 90773.5 	 257.421 	 0.0988751 	 2075.14 	 3768.92
0.62 	 90476.3 	 256.598 	 0.100236 	 2074.62 	 3768.36
0.62 	 90179.1 	 255.775 	 0.101598 	 2074.11 	 3767.8
0.62 	 89881.9 	 254.951 	 0.102959 	 2073.59 	 3767.24
0.62 	 89584.7 	 254.128 	 0.10432 	 2073.08 	 3766.67
0.62 	 89287.6 	 253.304 	 0.105681 	 2072.56 	 3766.11
0.62 	 88990.4 	 252.48 	 0.107042 	 2072.05 	 3765.55
0.62 	 88693.3 	 251.657 	 0.108402 	 2071.53 	 3764.99
0.62 	 88396.2 	 250.833 	 0.109763 	 2071.01 	 3764.42
0.62 	 88099.1 	 250.009 	 0.111124 	 2070.5 	 3763.86
0.62 	 87802 	 249.185 	 0.112484 	 2069.98 	 3763.29
0.62 	 87505 	 248.361 	 0.113845 	 2069.47 	 3762.73
0.62 	 87207.9 	 247.537 	 0.115205 	 2068.95 	 3762.17
0.62 	 86910.9 	 246.713 	 0.116566 	 2068.44 	 3761.6
0.62 	 86613.9 	 245.888 	 0.117926 	 2067.92 	 3761.04
0.62 	 86316.8 	 245.064 	 0.119286 	 2067.41 	 3760.47
0.62 	 86019.9 	 244.24 	 0.120646 	 2066.89 	 3759.91
0.62 	 85722.9 	 243.415 	 0.122007 	 2066.37 	 3759.34
0.62 	 85425.9 	 242.59 	 0.123367 	 2065.86 	 3758.78
0.62 	 85129 	 241.766 	 0.124727 	 2065.34 	 3758.21
0.62 	 84832.1 	 240.941 	 0.126086 	 2064.83 	 3757.64
0.62 	 84535.2 	 240.116 	 0.127446 	 2064.31 	 3757.08
0.62 	 84238.3 	 239.291 	 0.128806 	 2063.79 	 3756.51
0.62 	 83941.4 	 238.467 	 0.130166 	 2063.28 	 3755.94
0.62 	 83644.5 	 237.642 	 0.131525 	 2062.76 	 3755.38
0.62 	 83347.7 	 236.816 	 0.132885 	 2062.25 	 3754.81
0.62 	 83050.9 	 235.991 	 0.134244 	 2061.73 	 3754.24
0.62 	 82754.1 	 235.166 	 0.135604 	 2061.21 	 3753.67
0.62 	 82457.3 	 234.341 	 0.136963 	 2060.7 	 3753.11
0.62 	 82160.5 	 233.515 	 0.138322 	 2060.18 	 3752.54
0.62 	 81863.7 	 232.69 	 0.139681 	 2059.66 	 3751.97
0.62 	 81567 	 231.864 	 0.14104 	 2059.15 	 3751.4
0.62 	 81270.2 	 231.039 	 0.142399 	 2058.63 	 3750.83
0.62 	 80973.5 	 230.213 	 0.143758 	 2058.11 	 3750.26
0.62 	 80676.8 	 229.387 	 0.145117 	 2057.6 	 3749.7
0.62 	 80380.1 	 228.561 	 0.146476 	 2057.08 	 3749.13
0.62 	 80083.5 	 227.735 	 0.147835 	 2056.56 	 3748.56
0.62 	 79786.8 	 226.909 	 0.149193 	 2056.05 	 3747.99
0.62 	 79490.2 	 226.083 	 0.150552 	 2055.53 	 3747.42
0.62 	 79193.6 	 225.257 	 0.15191 	 2055.01 	 3746.85
0.62 	 78897 	 224.431 	 0.153269 	 2054.5 	 3746.28
0.62 	 78600.4 	 223.605 	 0.154627 	 2053.98 	 3745.7
0.62 	 78303.8 	 222.778 	 0.155985 	 2053.46 	 3745.13
0.62 	 78007.2 	 221.952 	 0.157344 	 2052.95 	 3744.56
0.62 	 77710.7 	 221.125 	 0.158702 	 2052.43 	 3743.99
0.62 	 77414.2 	 220.299 	 0.16006 	 2051.91 	 3743.42
0.62 	 77117.7 	 219.472 	 0.161418 	 2051.4 	 3742.85
0.62 	 76821.2 	 218.645 	 0.162776 	 2050.88 	 3742.28
0.62 	 76524.7 	 217.818 	 0.164133 	 2050.36 	 3741.7
0.62 	 76228.3 	 216.991 	 0.165491 	 2049.84 	 3741.13
0.62 	 75931.8 	 216.164 	 0.166849 	 2049.33 	 3740.56
0.62 	 75635.4 	 215.337 	 0.168206 	 2048.81 	 3739.99
0.62 	 75339 	 214.51 	 0.169564 	 2048.29 	 3739.41
0.62 	 75042.6 	 213.683 	 0.170921 	 2047.77 	 3738.84
0.62 	 74746.2 	 212.856 	 0.172279 	 2047.26 	 3738.26
0.62 	 74449.8 	 212.028 	 0.173636 	 2046.74 	 3737.69
0.62 	 74153.5 	 211.201 	 0.174993 	 2046.22 	 3737.12
0.62 	 73857.1 	 210.373 	 0.176351 	 2045.7 	 3736.54
0.62 	 73560.8 	 209.546 	 0.177708 	 2045.19 	 3735.97
0.62 	 73264.5 	 208.718 	 0.179065 	 2044.67 	 3735.39
0.62 	 72968.3 	 207.89 	 0.180422 	 2044.15 	 3734.82
0.62 	 72672 	 207.062 	 0.181779 	 2043.63 	 3734.24
0.62 	 72375.7 	 206.234 	 0.183135 	 2043.11 	 3733.67
0.62 	 72079.5 	 205.406 	 0.184492 	 2042.6 	 3733.09
0.62 	 71783.3 	 204.578 	 0.185849 	 2042.08 	 3732.52
0.62 	 71487.1 	 203.75 	 0.187205 	 2041.56 	 3731.94
0.62 	 71190.9 	 202.922 	 0.188562 	 2041.04 	 3731.36
0.62 	 70894.7 	 202.093 	 0.189918 	 2040.52 	 3730.79
0.62 	 70598.6 	 201.265 	 0.191205 	 2040.01 	 3730.21
0.62 	 70302.4 	 200.437 	 0.192524 	 2039.49 	 3729.63
0.62 	 70006.3 	 199.608 	 0.193879 	 2038.97 	 3729.05
0.62 	 69710.2 	 198.779 	 0.19527 	 2038.45 	 3728.48
0.62 	 69414.1 	 197.951 	 0.196699 	 2037.93 	 3727.9
0.62 	 69118 	 197.122 	 0.198168 	 2037.41 	 3727.32
0.62 	 68822 	 196.293 	 0.199676 	 2036.89 	 3726.74
0.62 	 68525.9 	 195.464 	 0.201229 	 2036.38 	 3726.16
0.62 	 68229.9 	 194.635 	 0.202825 	 2035.86 	 3725.59
0.62 	 67933.9 	 193.806 	 0.204466 	 2035.34 	 3725.01
0.62 	 67637.9 	 192.977 	 0.206154 	 2034.82 	 3724.43
0.62 	 67341.9 	 192.147 	 0.207893 	 2034.3 	 3723.85
0.62 	 67046 	 191.318 	 0.209681 	 2033.78 	 3723.27
0.62 	 66750 	 190.489 	 0.211524 	 2033.26 	 3722.69
0.62 	 66454.1 	 189.659 	 0.213422 	 2032.74 	 3722.11
0.62 	 66158.2 	 188.829 	 0.215379 	 2032.23 	 3721.53
0.62 	 65862.3 	 188 	 0.217395 	 2031.71 	 3720.95
0.62 	 65566.4 	 187.17 	 0.219473 	 2031.19 	 3720.37
0.62 	 65270.5 	 186.34 	 0.221615 	 2030.67 	 3719.79
0.62 	 64974.7 	 185.51 	 0.223825 	 2030.15 	 3719.2
0.62 	 64678.9 	 184.68 	 0.226104 	 2029.63 	 3718.62
0.62 	 64383.1 	 183.85 	 0.228457 	 2029.11 	 3718.04
0.62 	 64087.3 	 183.02 	 0.230886 	 2028.59 	 3717.46
0.62 	 63791.5 	 182.19 	 0.233394 	 2028.07 	 3716.88
0.62 	 63495.7 	 181.36 	 0.235984 	 2027.55 	 3716.29
0.62 	 63200 	 180.529 	 0.238659 	 2027.03 	 3715.71
0.62 	 62904.2 	 179.699 	 0.241426 	 2026.51 	 3715.13
0.62 	 62608.5 	 178.868 	 0.244284 	 2025.99 	 3714.54
0.62 	 62312.8 	 178.038 	 0.24724 	 2025.47 	 3713.96
0.62 	 62017.1 	 177.207 	 0.250298 	 2024.95 	 3713.38
0.62 	 61721.5 	 176.376 	 0.253465 	 2024.44 	 3712.79
0.62 	 61425.8 	 175.545 	 0.25674 	 2023.92 	 3712.21
0.62 	 61130.2 	 174.714 	 0.260129 	 2023.4 	 3711.62
0.62 	 60834.5 	 173.883 	 0.263641 	 2022.88 	 3711.04
0.62 	 60538.9 	 173.052 	 0.267279 	 2022.36 	 3710.46
0.62 	 60243.4 	 172.221 	 0.271047 	 2021.84 	 3709.87
0.62 	 59947.8 	 171.39 	 0.27393 	 2021.32 	 3709.28
0.62 	 59652.2 	 170.558 	 0.276346 	 2020.8 	 3708.7
0.62 	 59356.7 	 169.727 	 0.279029 	 2020.28 	 3708.11
0.62 	 59061.2 	 168.895 	 0.281968 	 2019.76 	 3707.53
0.62 	 58765.7 	 168.064 	 0.285155 	 2019.23 	 3706.94
0.62 	 58470.2 	 167.232 	 0.28859 	 2018.71 	 3706.35
0.62 	 58174.7 	 166.4 	 0.291857 	 2018.19 	 3705.77
0.62 	 57879.2 	 165.568 	 0.29295 	 2017.67 	 3705.18
0.62 	 57583.8 	 164.736 	 0.294108 	 2017.15 	 3704.59
0.62 	 57288.4 	 163.904 	 0.29533 	 2016.63 	 3704
0.62 	 56993 	 163.072 	 0.296614 	 2016.11 	 3703.42
0.62 	 56697.6 	 162.24 	 0.29796 	 2015.59 	 3702.83
0.62 	 56402.2 	 161.408 	 0.299367 	 2015.07 	 3702.24
0.62 	 56106.8 	 160.576 	 0.300834 	 2014.55 	 3701.65
0.62 	 55811.5 	 159.743 	 0.30236 	 2014.03 	 3701.06
0.62 	 55516.2 	 158.911 	 0.303947 	 2013.51 	 3700.47
0.62 	 55220.9 	 158.078 	 0.305596 	 2012.99 	 3699.88
0.62 	 54925.6 	 157.245 	 0.307279 	 2012.47 	 3699.29
0.62 	 54630.3 	 156.413 	 0.309014 	 2011.95 	 3698.71
0.62 	 54335 	 155.58 	 0.310811 	 2011.43 	 3698.12
0.62 	 54039.8 	 154.747 	 0.312665 	 2010.9 	 3697.52
0.62 	 53744.6 	 153.914 	 0.31459 	 2010.38 	 3696.93
0.62 	 53449.3 	 153.081 	 0.316582 	 2009.86 	 3696.34
0.62 	 53154.2 	 152.248 	 0.31864 	 2009.34 	 3695.75
0.62 	 52859 	 151.414 	 0.32077 	 2008.82 	 3695.16
0.62 	 52563.8 	 150.581 	 0.322972 	 2008.3 	 3694.57
0.62 	 52268.7 	 149.748 	 0.325247 	 2007.78 	 3693.98
0.62 	 51973.5 	 148.914 	 0.327601 	 2007.26 	 3693.39
0.62 	 51678.4 	 148.081 	 0.330027 	 2006.73 	 3692.79
0.62 	 51383.3 	 147.247 	 0.332542 	 2006.21 	 3692.2
0.62 	 51088.2 	 146.413 	 0.335143 	 2005.69 	 3691.61
0.62 	 50793.2 	 145.579 	 0.337831 	 2005.17 	 3691.01
0.62 	 50498.1 	 144.745 	 0.340613 	 2004.65 	 3690.42
0.62 	 50203.1 	 143.911 	 0.343489 	 2004.13 	 3689.83
0.62 	 49908.1 	 143.077 	 0.346458 	 2003.6 	 3689.23
0.62 	 49613.1 	 142.243 	 0.349537 	 2003.08 	 3688.64
0.62 	 49318.1 	 141.409 	 0.352725 	 2002.56 	 3688.05
0.62 	 49023.1 	 140.575 	 0.356025 	 2002.04 	 3687.45
0.62 	 48728.2 	 139.74 	 0.359442 	 2001.52 	 3686.86
0.62 	 48433.3 	 138.906 	 0.362973 	 2000.99 	 3686.26
0.62 	 48138.4 	 138.071 	 0.366641 	 2000.47 	 3685.67
0.62 	 47843.5 	 137.236 	 0.370443 	 1999.95 	 3685.07
0.62 	 47548.6 	 136.402 	 0.374385 	 1999.43 	 3684.47
0.62 	 47253.7 	 135.567 	 0.378475 	 1998.91 	 3683.88
0.62 	 46958.9 	 134.732 	 0.382707 	 1998.38 	 3683.28
0.62 	 46664 	 133.897 	 0.387112 	 1997.86 	 3682.68
0.62 	 46369.2 	 133.062 	 0.391685 	 1997.34 	 3682.09
0.62 	 46074.4 	 132.227 	 0.396436 	 1996.82 	 3681.49
0.62 	 45779.6 	 131.391 	 0.401363 	 1996.29 	 3680.89
0.62 	 45484.9 	 130.556 	 0.406495 	 1995.77 	 3680.3
0.62 	 45190.1 	 129.721 	 0.411836 	 1995.25 	 3679.7
0.62 	 44895.4 	 128.885 	 0.417393 	 1994.73 	 3679.1
0.62 	 44600.7 	 128.049 	 0.423165 	 1994.2 	 3678.5
0.62 	 44306 	 127.214 	 0.429192 	 1993.68 	 3677.9
0.62 	 44011.3 	 126.378 	 0.435472 	 1993.16 	 3677.3
0.62 	 43716.6 	 125.542 	 0.442006 	 1992.63 	 3676.7
0.62 	 43422 	 124.706 	 0.448834 	 1992.11 	 3676.1
0.62 	 43127.3 	 123.87 	 0.455964 	 1991.59 	 3675.51
0.62 	 42832.7 	 123.034 	 0.463405 	 1991.07 	 3674.91
0.62 	 42538.1 	 122.198 	 0.471162 	 1990.54 	 3674.3
0.62 	 42243.5 	 121.362 	 0.479286 	 1990.02 	 3673.7
0.62 	 41949 	 120.525 	 0.487777 	 1989.5 	 3673.1
0.62 	 41654.4 	 119.689 	 0.496644 	 1988.97 	 3672.5
0.62 	 41359.9 	 118.852 	 0.505545 	 1988.45 	 3671.9
0.62 	 41065.4 	 118.016 	 0.513741 	 1987.93 	 3671.3
0.62 	 40770.9 	 117.179 	 0.522208 	 1987.4 	 3670.7
0.62 	 40476.4 	 116.342 	 0.530997 	 1986.88 	 3670.1
0.62 	 40181.9 	 115.505 	 0.540099 	 1986.36 	 3669.49
0.62 	 39887.5 	 114.668 	 0.549499 	 1985.83 	 3668.89
0.62 	 39593 	 113.831 	 0.559259 	 1985.31 	 3668.29
0.62 	 39298.6 	 112.994 	 0.569338 	 1984.78 	 3667.68
0.62 	 39004.2 	 112.157 	 0.579798 	 1984.26 	 3667.08
0.62 	 38709.8 	 111.32 	 0.590625 	 1983.74 	 3666.48
0.62 	 38415.4 	 110.482 	 0.601805 	 1983.21 	 3665.87
0.62 	 38121.1 	 109.645 	 0.613395 	 1982.69 	 3665.27
0.62 	 37826.8 	 108.807 	 0.625355 	 1982.16 	 3664.66
0.62 	 37532.4 	 107.969 	 0.637755 	 1981.64 	 3664.06
0.62 	 37238.1 	 107.132 	 0.650566 	 1981.12 	 3663.46
0.62 	 36943.9 	 106.294 	 0.663763 	 1980.59 	 3662.85
0.62 	 36649.6 	 105.456 	 0.677395 	 1980.07 	 3662.24
0.62 	 36355.3 	 104.618 	 0.691431 	 1979.54 	 3661.64
0.62 	 36061.1 	 103.78 	 0.705933 	 1979.02 	 3661.03
0.62 	 35766.9 	 102.942 	 0.720881 	 1978.5 	 3660.43
0.62 	 35472.7 	 102.103 	 0.736242 	 1977.97 	 3659.82
0.62 	 35178.5 	 101.265 	 0.752086 	 1977.45 	 3659.21
0.62 	 34884.3 	 100.427 	 0.768344 	 1976.92 	 3658.61
0.62 	 34590.2 	 99.588 	 0.785082 	 1976.4 	 3658
0.62 	 34296.1 	 98.7494 	 0.802232 	 1975.87 	 3657.39
0.62 	 34001.9 	 97.9107 	 0.819873 	 1975.35 	 3656.78
0.62 	 33707.8 	 97.0719 	 0.837917 	 1974.82 	 3656.17
0.62 	 33413.8 	 96.233 	 0.856439 	 1974.3 	 3655.57
0.62 	 33119.7 	 95.394 	 0.875376 	 1973.77 	 3654.96
0.62 	 32825.6 	 94.5549 	 0.894801 	 1973.25 	 3654.35
0.62 	 32531.6 	 93.7158 	 0.914629 	 1972.72 	 3653.74
0.62 	 32237.6 	 92.8766 	 0.934956 	 1972.2 	 3653.13
0.62 	 31943.6 	 92.0372 	 0.955706 	 1971.67 	 3652.52
0.62 	 31649.6 	 91.1978 	 0.976978 	 1971.15 	 3651.91
0.62 	 31355.6 	 90.3583 	 0.998699 	 1970.62 	 3651.3
0.62 	 31061.7 	 89.5187 	 1 	 1970.1 	 3650.69
0.62 	 30767.8 	 88.679 	 1 	 1969.57 	 3650.08
0.62 	 30473.9 	 87.8392 	 1 	 1969.05 	 3649.47
0.62 	 30180 	 86.9994 	 1 	 1968.52 	 3648.85
0.62 	 29886.1 	 86.1594 	 1 	 1968 	 3648.24
0.62 	 29592.2 	 85.3194 	 1 	 1967.47 	 3647.63
0.62 	 29298.4 	 84.4793 	 1 	 1966.95 	 3647.02
0.62 	 29004.5 	 83.639 	 1 	 1966.42 	 3646.41
0.62 	 28710.7 	 82.7987 	 1 	 1965.89 	 3645.79
0.62 	 28416.9 	 81.9583 	 1 	 1965.37 	 3645.18
0.62 	 28123.1 	 81.1178 	 1 	 1964.84 	 3644.57
0.62 	 27829.4 	 80.2773 	 1 	 1964.32 	 3643.95
0.62 	 27535.6 	 79.4366 	 1 	 1963.79 	 3643.34
0.62 	 27241.9 	 78.5958 	 1 	 1963.26 	 3642.72
0.62 	 26948.2 	 77.755 	 1 	 1962.74 	 3642.11
0.62 	 26654.5 	 76.914 	 1 	 1962.21 	 3641.49
0.62 	 26360.8 	 76.073 	 1 	 1961.69 	 3640.88
0.62 	 26067.2 	 75.2319 	 1 	 1961.16 	 3640.26
0.62 	 25773.5 	 74.3907 	 1 	 1960.63 	 3639.65
0.62 	 25479.9 	 73.5494 	 1 	 1960.11 	 3639.03
0.62 	 25186.3 	 72.708 	 1 	 1959.58 	 3638.42
0.62 	 24892.7 	 71.8665 	 1 	 1959.06 	 3637.8
0.62 	 24599.1 	 71.025 	 1 	 1958.53 	 3637.18
0.62 	 24305.6 	 70.1833 	 1 	 1958 	 3636.57
0.62 	 24012 	 69.3415 	 1 	 1957.48 	 3635.95
0.62 	 23718.5 	 68.4997 	 1 	 1956.95 	 3635.33
0.62 	 23425 	 67.6578 	 1 	 1956.42 	 3634.71
0.62 	 23131.5 	 66.8157 	 1 	 1955.9 	 3634.09
0.62 	 22838 	 65.9736 	 1 	 1955.37 	 3633.48
0.62 	 22544.6 	 65.1314 	 1 	 1954.84 	 3632.86
0.62 	 22251.1 	 64.2891 	 1 	 1954.31 	 3632.24
0.62 	 21957.7 	 63.4467 	 1 	 1953.79 	 3631.62
0.62 	 21664.3 	 62.6042 	 1 	 1953.26 	 3631
0.62 	 21370.9 	 61.7617 	 1 	 1952.73 	 3630.38
0.62 	 21077.5 	 60.919 	 1 	 1952.21 	 3629.76
0.62 	 20784.2 	 60.0762 	 1 	 1951.68 	 3629.14
0.62 	 20490.8 	 59.2334 	 1 	 1951.15 	 3628.52
0.62 	 20197.5 	 58.3904 	 1 	 1950.62 	 3627.9
0.62 	 19904.2 	 57.5474 	 1 	 1950.1 	 3627.27
0.62 	 19610.9 	 56.7043 	 1 	 1949.57 	 3626.65
0.62 	 19317.6 	 55.8611 	 1 	 1949.04 	 3626.03
0.62 	 19024.4 	 55.0178 	 1 	 1948.51 	 3625.41
0.62 	 18731.2 	 54.1744 	 1 	 1947.99 	 3624.79
0.62 	 18437.9 	 53.3309 	 1 	 1947.46 	 3624.16
0.62 	 18144.7 	 52.4873 	 1 	 1946.93 	 3623.54
0.62 	 17851.6 	 51.6436 	 1 	 1946.4 	 3622.92
0.62 	 17558.4 	 50.7998 	 1 	 1945.88 	 3622.29
0.62 	 17265.2 	 49.9559 	 1 	 1945.35 	 3621.67
0.62 	 16972.1 	 49.112 	 1 	 1944.82 	 3621.04
0.62 	 16679 	 48.2679 	 1 	 1944.29 	 3620.42
0.62 	 16385.9 	 47.4238 	 1 	 1943.76 	 3619.8
0.62 	 16092.8 	 46.5795 	 1 	 1941.47 	 3619.17
0.62 	 15799.7 	 45.7352 	 1 	 1919.06 	 3618.54
0.62 	 15506.7 	 44.8908 	 1 	 1896.3 	 3617.92
0.62 	 15213.7 	 44.0463 	 1 	 1873.18 	 3617.29
0.62 	 14920.7 	 43.2017 	 1 	 1849.72 	 3616.67
0.62 	 14627.7 	 42.3569 	 1 	 1825.91 	 3616.04
0.62 	 14334.7 	 41.5121 	 1 	 1801.75 	 3615.41
0.62 	 14041.7 	 40.6673 	 1 	 1777.24 	 3614.79
0.62 	 13748.8 	 39.8223 	 1 	 1752.39 	 3614.16
0.62 	 13455.9 	 38.9772 	 1 	 1727.2 	 3613.53
0.62 	 13162.9 	 38.132 	 1 	 1701.67 	 3612.9
0.62 	 12870.1 	 37.2867 	 1 	 1675.81 	 3612.27
0.62 	 12577.2 	 36.4414 	 0.941675 	 1649.61 	 3611.65
0.62 	 12284.3 	 35.5959 	 0.793078 	 1623.08 	 3611.02
0.62 	 11991.5 	 34.7504 	 0.667906 	 1596.23 	 3610.39
0.62 	 11698.7 	 33.9047 	 0.55645 	 1569.06 	 3609.76
0.62 	 11405.9 	 33.059 	 0.447345 	 1541.57 	 3609.13
0.62 	 11113.1 	 32.2131 	 0.301232 	 1513.77 	 3608.5
0.62 	 10820.3 	 31.3672 	 0.209116 	 1485.65 	 3607.87
0.62 	 10527.5 	 30.5212 	 0.149913 	 1457.23 	 3607.24
0.62 	 10234.8 	 29.675 	 0.111928 	 1428.52 	 3606.6
0.62 	 9942.09 	 28.8288 	 0.086701 	 1399.51 	 3605.97
0.62 	 9649.39 	 27.9825 	 0.0682623 	 1370.21 	 3605.34
0.62 	 9356.7 	 27.1361 	 0.0553528 	 1340.62 	 3604.71
0.62 	 9064.04 	 26.2896 	 0.0456272 	 1310.76 	 3604.08
0.62 	 8771.39 	 25.443 	 0.0380114 	 1280.63 	 3603.44
0.62 	 8478.75 	 24.5963 	 0.0318392 	 1250.23 	 3602.81
0.62 	 8186.14 	 23.7495 	 0.0267237 	 1219.57 	 3602.18
0.62 	 7893.54 	 22.9026 	 0.0223802 	 1188.66 	 3601.54
0.62 	 7600.96 	 22.0556 	 0.0186276 	 1157.51 	 3600.91
0.62 	 7308.4 	 21.2085 	 0.015167 	 1126.12 	 3600.28
0.62 	 7015.85 	 20.3614 	 0.00285039 	 1094.49 	 3599.64
0.62 	 6723.33 	 19.5141 	 0 	 1062.65 	 3599.01
0.62 	 6430.81 	 18.6667 	 0 	 1030.58 	 3598.37
0.62 	 6138.32 	 17.8193 	 0 	 998.313 	 3597.74
0.62 	 5845.85 	 16.9717 	 0 	 965.843 	 3597.1
0.62 	 5553.39 	 16.124 	 0 	 933.18 	 3596.46
0.62 	 5260.95 	 15.2763 	 0 	 900.334 	 3595.83
0.62 	 4968.52 	 14.4284 	 0 	 867.313 	 3595.19
0.62 	 4676.12 	 13.5805 	 0 	 834.126 	 3594.55
0.62 	 4383.73 	 12.7324 	 0 	 800.78 	 3593.92
0.62 	 4091.36 	 11.8843 	 0 	 767.286 	 3593.28
0.62 	 3799 	 11.036 	 0 	 733.653 	 3592.64
0.62 	 3506.67 	 10.1877 	 0 	 699.889 	 3592
0.62 	 3214.35 	 9.33926 	 0 	 666.003 	 3591.37
0.62 	 2922.05 	 8.49073 	 0 	 632.006 	 3590.73
0.62 	 2629.76 	 7.6421 	 0 	 597.906 	 3590.09
0.62 	 2337.5 	 6.79337 	 0 	 563.713 	 3589.45
0.62 	 2045.25 	 5.94454 	 0 	 529.437 	 3588.81
0.62 	 1753.02 	 5.09561 	 0 	 495.088 	 3588.17
0.62 	 1460.8 	 4.24659 	 0 	 460.675 	 3587.53
0.62 	 1168.61 	 3.39747 	 0 	 426.208 	 3586.89
0.62 	 876.43 	 2.54825 	 0 	 391.697 	 3586.25
0.62 	 584.269 	 1.69893 	 0 	 357.152 	 3585.6
0.62 	 292.126 	 0.849515 	 0 	 322.583 	 3584.96
0.62 	 5.67305 	 0 	 0 	 0 	 3584.32
