'Reservoirs in mol, fluxes in mol s-1'
'Time (Gyr)' 	 'Tmantle (K)' 	 RCmantle 	 RCatm 	 RCocean 	 RCatm+RCoc 	 RCatmoc 	 FCoutgas 	 FCcontw 	 FCseafsubd 	 'Net C flux' 	 'Total N g+aq' 	 RCorg
0 	 6282.43 	 6.95168e+22 	 4.48433e+16 	 0 	 4.48433e+16 	 4.48433e+16 	 0 	 0 	 0 	 0 	 2.52144e+20 	 0
0.6002 	 1503.22 	 6.95168e+22 	 4.48433e+16 	 0 	 4.48433e+16 	 4.48433e+16 	 1.69756e+07 	 0 	 0 	 0 	 2.52144e+20 	 0
0.6004 	 1503.2 	 6.95168e+22 	 4.48433e+16 	 0 	 4.48433e+16 	 4.48433e+16 	 1.66912e+07 	 0 	 0 	 0 	 2.52144e+20 	 0
0.6006 	 1503.18 	 6.95168e+22 	 4.48433e+16 	 0 	 4.48433e+16 	 4.48433e+16 	 1.66075e+07 	 0 	 0 	 0 	 2.52144e+20 	 0
0.6008 	 1503.17 	 6.95168e+22 	 4.48433e+16 	 0 	 4.48433e+16 	 4.48433e+16 	 1.65806e+07 	 0 	 0 	 0 	 2.52144e+20 	 0
0.601 	 1503.15 	 6.95168e+22 	 4.48433e+16 	 0 	 4.48433e+16 	 4.48433e+16 	 1.65679e+07 	 0 	 0 	 0 	 2.52144e+20 	 0
0.611 	 1502.23 	 6.95168e+22 	 4.48433e+16 	 0 	 4.48433e+16 	 4.48433e+16 	 1.65611e+07 	 0 	 0 	 0 	 2.52144e+20 	 0
0.621 	 1501.29 	 6.95168e+22 	 4.48433e+16 	 0 	 4.48433e+16 	 4.48433e+16 	 1.63847e+07 	 0 	 0 	 0 	 2.52144e+20 	 0
0.631 	 1500.36 	 6.95168e+22 	 4.48433e+16 	 0 	 4.48433e+16 	 4.48433e+16 	 1.61232e+07 	 0 	 0 	 0 	 2.52144e+20 	 0
0.641 	 1499.44 	 6.95168e+22 	 4.48433e+16 	 0 	 4.48433e+16 	 4.48433e+16 	 1.58427e+07 	 0 	 0 	 0 	 2.52144e+20 	 0
0.651 	 1498.55 	 6.95168e+22 	 4.48433e+16 	 0 	 4.48433e+16 	 4.48433e+16 	 1.54307e+07 	 0 	 0 	 0 	 2.52144e+20 	 0
0.661 	 1497.68 	 6.95168e+22 	 4.48433e+16 	 0 	 4.48433e+16 	 4.48433e+16 	 1.50367e+07 	 0 	 0 	 0 	 2.52144e+20 	 0
0.671 	 1496.82 	 6.95168e+22 	 4.48433e+16 	 0 	 4.48433e+16 	 4.48433e+16 	 1.47474e+07 	 0 	 0 	 0 	 2.52144e+20 	 0
0.681 	 1495.96 	 6.95168e+22 	 4.48433e+16 	 0 	 4.48433e+16 	 4.48433e+16 	 1.44926e+07 	 0 	 0 	 0 	 2.52144e+20 	 0
0.691 	 1495.14 	 6.95168e+22 	 4.48433e+16 	 0 	 4.48433e+16 	 4.48433e+16 	 1.41385e+07 	 0 	 0 	 0 	 2.52144e+20 	 0
0.701 	 1494.33 	 6.95168e+22 	 4.48433e+16 	 0 	 4.48433e+16 	 4.48433e+16 	 1.38021e+07 	 0 	 0 	 0 	 2.52144e+20 	 0
0.711 	 1493.53 	 6.95168e+22 	 4.48433e+16 	 0 	 4.48433e+16 	 4.48433e+16 	 1.35558e+07 	 0 	 0 	 0 	 2.52144e+20 	 0
0.721 	 1492.74 	 6.95168e+22 	 4.48433e+16 	 0 	 4.48433e+16 	 4.48433e+16 	 1.33393e+07 	 0 	 0 	 0 	 2.52144e+20 	 0
0.731 	 1491.97 	 6.95168e+22 	 4.48433e+16 	 0 	 4.48433e+16 	 4.48433e+16 	 1.30366e+07 	 0 	 0 	 0 	 2.52144e+20 	 0
0.741 	 1491.22 	 6.95168e+22 	 4.48433e+16 	 0 	 4.48433e+16 	 4.48433e+16 	 1.27472e+07 	 0 	 0 	 0 	 2.52144e+20 	 0
0.751 	 1490.46 	 6.95168e+22 	 4.48433e+16 	 0 	 4.48433e+16 	 4.48433e+16 	 1.25349e+07 	 0 	 0 	 0 	 2.52144e+20 	 0
0.761 	 1489.72 	 6.95168e+22 	 4.48433e+16 	 0 	 4.48433e+16 	 4.48433e+16 	 1.23491e+07 	 0 	 0 	 0 	 2.52144e+20 	 0
0.771 	 1488.97 	 6.95168e+22 	 4.48433e+16 	 0 	 4.48433e+16 	 4.48433e+16 	 1.21728e+07 	 0 	 0 	 0 	 2.52144e+20 	 0
0.781 	 1488.26 	 6.95168e+22 	 4.48433e+16 	 0 	 4.48433e+16 	 4.48433e+16 	 1.19172e+07 	 0 	 0 	 0 	 2.52144e+20 	 0
0.791 	 1487.55 	 6.95168e+22 	 4.48433e+16 	 0 	 4.48433e+16 	 4.48433e+16 	 1.16705e+07 	 0 	 0 	 0 	 2.52144e+20 	 0
0.801 	 1486.84 	 6.95168e+22 	 4.48433e+16 	 0 	 4.48433e+16 	 4.48433e+16 	 1.14891e+07 	 0 	 0 	 0 	 2.52144e+20 	 0
0.811 	 1486.14 	 6.95168e+22 	 4.48433e+16 	 0 	 4.48433e+16 	 4.48433e+16 	 1.13304e+07 	 0 	 0 	 0 	 2.52144e+20 	 0
0.821 	 1485.44 	 6.95168e+22 	 4.48433e+16 	 0 	 4.48433e+16 	 4.48433e+16 	 1.11791e+07 	 0 	 0 	 0 	 2.52144e+20 	 0
0.831 	 1484.76 	 6.95168e+22 	 4.48433e+16 	 0 	 4.48433e+16 	 4.48433e+16 	 1.09594e+07 	 0 	 0 	 0 	 2.52144e+20 	 0
0.841 	 1484.08 	 6.95168e+22 	 4.48433e+16 	 0 	 4.48433e+16 	 4.48433e+16 	 1.0746e+07 	 0 	 0 	 0 	 2.52144e+20 	 0
0.851 	 1483.41 	 6.95168e+22 	 4.48433e+16 	 0 	 4.48433e+16 	 4.48433e+16 	 1.05888e+07 	 0 	 0 	 0 	 2.52144e+20 	 0
0.861 	 1482.74 	 6.95168e+22 	 4.48433e+16 	 0 	 4.48433e+16 	 4.48433e+16 	 1.04506e+07 	 0 	 0 	 0 	 2.52144e+20 	 0
0.871 	 1482.08 	 6.95168e+22 	 4.48433e+16 	 0 	 4.48433e+16 	 4.48433e+16 	 1.03198e+07 	 0 	 0 	 0 	 2.52144e+20 	 0
0.881 	 1481.41 	 6.95168e+22 	 4.48433e+16 	 0 	 4.48433e+16 	 4.48433e+16 	 1.01919e+07 	 0 	 0 	 0 	 2.52144e+20 	 0
0.891 	 1480.76 	 6.95168e+22 	 4.48433e+16 	 0 	 4.48433e+16 	 4.48433e+16 	 1.00037e+07 	 0 	 0 	 0 	 2.52144e+20 	 0
0.901 	 1480.12 	 6.95168e+22 	 4.48433e+16 	 0 	 4.48433e+16 	 4.48433e+16 	 9.82031e+06 	 0 	 0 	 0 	 2.52144e+20 	 0
0.911 	 1479.48 	 6.95168e+22 	 4.48433e+16 	 0 	 4.48433e+16 	 4.48433e+16 	 9.68474e+06 	 0 	 0 	 0 	 2.52144e+20 	 0
0.921 	 1478.85 	 6.95168e+22 	 4.48433e+16 	 0 	 4.48433e+16 	 4.48433e+16 	 9.56502e+06 	 0 	 0 	 0 	 2.52144e+20 	 0
0.931 	 1478.21 	 6.95168e+22 	 4.48433e+16 	 0 	 4.48433e+16 	 4.48433e+16 	 9.45112e+06 	 0 	 0 	 0 	 2.52144e+20 	 0
0.941 	 1477.59 	 6.95168e+22 	 4.48433e+16 	 0 	 4.48433e+16 	 4.48433e+16 	 9.28529e+06 	 0 	 0 	 0 	 2.52144e+20 	 0
0.951 	 1476.97 	 6.95168e+22 	 4.48433e+16 	 0 	 4.48433e+16 	 4.48433e+16 	 9.12352e+06 	 0 	 0 	 0 	 2.52144e+20 	 0
0.961 	 1476.36 	 6.95168e+22 	 4.48433e+16 	 0 	 4.48433e+16 	 4.48433e+16 	 9.00304e+06 	 0 	 0 	 0 	 2.52144e+20 	 0
0.971 	 1475.74 	 6.95168e+22 	 4.48433e+16 	 0 	 4.48433e+16 	 4.48433e+16 	 8.89692e+06 	 0 	 0 	 0 	 2.52144e+20 	 0
0.981 	 1475.13 	 6.95168e+22 	 4.48433e+16 	 0 	 4.48433e+16 	 4.48433e+16 	 8.79586e+06 	 0 	 0 	 0 	 2.52144e+20 	 0
0.991 	 1474.51 	 6.95168e+22 	 4.48433e+16 	 0 	 4.48433e+16 	 4.48433e+16 	 8.6972e+06 	 0 	 0 	 0 	 2.52144e+20 	 0
1.001 	 1473.91 	 6.95168e+22 	 4.48433e+16 	 0 	 4.48433e+16 	 4.48433e+16 	 8.55233e+06 	 0 	 0 	 0 	 2.52144e+20 	 0
1.011 	 1473.32 	 6.95168e+22 	 4.48433e+16 	 0 	 4.48433e+16 	 4.48433e+16 	 8.41031e+06 	 0 	 0 	 0 	 2.52144e+20 	 0
1.021 	 1472.72 	 6.95168e+22 	 4.48433e+16 	 0 	 4.48433e+16 	 4.48433e+16 	 8.30423e+06 	 0 	 0 	 0 	 2.52144e+20 	 0
1.031 	 1472.13 	 6.95168e+22 	 4.48433e+16 	 0 	 4.48433e+16 	 4.48433e+16 	 8.20983e+06 	 0 	 0 	 0 	 2.52144e+20 	 0
1.041 	 1471.53 	 6.95168e+22 	 4.48433e+16 	 0 	 4.48433e+16 	 4.48433e+16 	 8.12022e+06 	 0 	 0 	 0 	 2.52144e+20 	 0
1.051 	 1470.95 	 6.95168e+22 	 4.48433e+16 	 0 	 4.48433e+16 	 4.48433e+16 	 7.99058e+06 	 0 	 0 	 0 	 2.52144e+20 	 0
1.061 	 1470.37 	 6.95168e+22 	 4.48433e+16 	 0 	 4.48433e+16 	 4.48433e+16 	 7.86339e+06 	 0 	 0 	 0 	 2.52144e+20 	 0
1.071 	 1469.79 	 6.95168e+22 	 4.48433e+16 	 0 	 4.48433e+16 	 4.48433e+16 	 7.76789e+06 	 0 	 0 	 0 	 2.52144e+20 	 0
1.081 	 1469.21 	 6.95168e+22 	 4.48433e+16 	 0 	 4.48433e+16 	 4.48433e+16 	 7.68274e+06 	 0 	 0 	 0 	 2.52144e+20 	 0
1.091 	 1468.64 	 6.95168e+22 	 4.48433e+16 	 0 	 4.48433e+16 	 4.48433e+16 	 7.60184e+06 	 0 	 0 	 0 	 2.52144e+20 	 0
1.101 	 1468.06 	 6.95168e+22 	 4.48433e+16 	 0 	 4.48433e+16 	 4.48433e+16 	 7.52272e+06 	 0 	 0 	 0 	 2.52144e+20 	 0
1.111 	 1467.49 	 6.95168e+22 	 4.48433e+16 	 0 	 4.48433e+16 	 4.48433e+16 	 7.40802e+06 	 0 	 0 	 0 	 2.52144e+20 	 0
1.121 	 1466.92 	 6.95168e+22 	 4.48433e+16 	 0 	 4.48433e+16 	 4.48433e+16 	 7.29467e+06 	 0 	 0 	 0 	 2.52144e+20 	 0
1.131 	 1466.36 	 6.95168e+22 	 4.48433e+16 	 0 	 4.48433e+16 	 4.48433e+16 	 7.20887e+06 	 0 	 0 	 0 	 2.52144e+20 	 0
1.141 	 1465.8 	 6.95168e+22 	 4.48433e+16 	 0 	 4.48433e+16 	 4.48433e+16 	 7.13244e+06 	 0 	 0 	 0 	 2.52144e+20 	 0
1.151 	 1465.23 	 6.95168e+22 	 4.48433e+16 	 0 	 4.48433e+16 	 4.48433e+16 	 7.05943e+06 	 0 	 0 	 0 	 2.52144e+20 	 0
1.161 	 1464.66 	 6.95168e+22 	 4.48433e+16 	 0 	 4.48433e+16 	 4.48433e+16 	 6.988e+06 	 0 	 0 	 0 	 2.52144e+20 	 0
1.171 	 1464.11 	 6.95168e+22 	 4.48433e+16 	 0 	 4.48433e+16 	 4.48433e+16 	 6.88541e+06 	 0 	 0 	 0 	 2.52144e+20 	 0
1.181 	 1463.56 	 6.95168e+22 	 4.48433e+16 	 0 	 4.48433e+16 	 4.48433e+16 	 6.7844e+06 	 0 	 0 	 0 	 2.52144e+20 	 0
1.191 	 1463 	 6.95168e+22 	 4.48433e+16 	 0 	 4.48433e+16 	 4.48433e+16 	 6.7069e+06 	 0 	 0 	 0 	 2.52144e+20 	 0
1.201 	 1462.45 	 6.95168e+22 	 4.48433e+16 	 0 	 4.48433e+16 	 4.48433e+16 	 6.63765e+06 	 0 	 0 	 0 	 2.52144e+20 	 0
1.211 	 1461.9 	 6.95168e+22 	 4.48433e+16 	 0 	 4.48433e+16 	 4.48433e+16 	 6.57143e+06 	 0 	 0 	 0 	 2.52144e+20 	 0
1.221 	 1461.34 	 6.95168e+22 	 4.48433e+16 	 0 	 4.48433e+16 	 4.48433e+16 	 6.50661e+06 	 0 	 0 	 0 	 2.52144e+20 	 0
1.231 	 1460.8 	 6.95168e+22 	 4.48433e+16 	 0 	 4.48433e+16 	 4.48433e+16 	 6.4147e+06 	 0 	 0 	 0 	 2.52144e+20 	 0
1.241 	 1460.26 	 6.95168e+22 	 4.48433e+16 	 0 	 4.48433e+16 	 4.48433e+16 	 6.32349e+06 	 0 	 0 	 0 	 2.52144e+20 	 0
1.251 	 1459.71 	 6.95168e+22 	 4.48433e+16 	 0 	 4.48433e+16 	 4.48433e+16 	 6.25318e+06 	 0 	 0 	 0 	 2.52144e+20 	 0
1.261 	 1459.17 	 6.95168e+22 	 4.48433e+16 	 0 	 4.48433e+16 	 4.48433e+16 	 6.19018e+06 	 0 	 0 	 0 	 2.52144e+20 	 0
1.271 	 1458.63 	 6.95168e+22 	 4.48433e+16 	 0 	 4.48433e+16 	 4.48433e+16 	 6.13013e+06 	 0 	 0 	 0 	 2.52144e+20 	 0
1.281 	 1458.08 	 6.95168e+22 	 4.48433e+16 	 0 	 4.48433e+16 	 4.48433e+16 	 6.07105e+06 	 0 	 0 	 0 	 2.52144e+20 	 0
1.291 	 1457.55 	 6.95168e+22 	 4.48433e+16 	 0 	 4.48433e+16 	 4.48433e+16 	 5.98787e+06 	 0 	 0 	 0 	 2.52144e+20 	 0
1.301 	 1457.01 	 6.95168e+22 	 4.48433e+16 	 0 	 4.48433e+16 	 4.48433e+16 	 5.90569e+06 	 0 	 0 	 0 	 2.52144e+20 	 0
1.311 	 1456.48 	 6.95168e+22 	 4.48433e+16 	 0 	 4.48433e+16 	 4.48433e+16 	 5.84166e+06 	 0 	 0 	 0 	 2.52144e+20 	 0
1.321 	 1455.95 	 6.95168e+22 	 4.48433e+16 	 0 	 4.48433e+16 	 4.48433e+16 	 5.78412e+06 	 0 	 0 	 0 	 2.52144e+20 	 0
1.331 	 1455.41 	 6.95168e+22 	 4.48433e+16 	 0 	 4.48433e+16 	 4.48433e+16 	 5.72898e+06 	 0 	 0 	 0 	 2.52144e+20 	 0
1.341 	 1454.88 	 6.95168e+22 	 4.48433e+16 	 0 	 4.48433e+16 	 4.48433e+16 	 5.67494e+06 	 0 	 0 	 0 	 2.52144e+20 	 0
1.351 	 1454.35 	 6.95168e+22 	 4.48433e+16 	 0 	 4.48433e+16 	 4.48433e+16 	 5.59986e+06 	 0 	 0 	 0 	 2.52144e+20 	 0
1.361 	 1453.83 	 6.95168e+22 	 4.48433e+16 	 0 	 4.48433e+16 	 4.48433e+16 	 5.52508e+06 	 0 	 0 	 0 	 2.52144e+20 	 0
1.371 	 1453.3 	 6.95168e+22 	 4.48433e+16 	 0 	 4.48433e+16 	 4.48433e+16 	 5.46659e+06 	 0 	 0 	 0 	 2.52144e+20 	 0
1.381 	 1452.77 	 6.95168e+22 	 4.48433e+16 	 0 	 4.48433e+16 	 4.48433e+16 	 5.41387e+06 	 0 	 0 	 0 	 2.52144e+20 	 0
1.391 	 1452.25 	 6.95168e+22 	 4.48433e+16 	 0 	 4.48433e+16 	 4.48433e+16 	 5.3633e+06 	 0 	 0 	 0 	 2.52144e+20 	 0
1.401 	 1451.72 	 6.95168e+22 	 4.48433e+16 	 0 	 4.48433e+16 	 4.48433e+16 	 5.31372e+06 	 0 	 0 	 0 	 2.52144e+20 	 0
1.411 	 1451.19 	 6.95168e+22 	 4.48433e+16 	 0 	 4.48433e+16 	 4.48433e+16 	 5.26475e+06 	 0 	 0 	 0 	 2.52144e+20 	 0
1.421 	 1450.67 	 6.95168e+22 	 4.48433e+16 	 0 	 4.48433e+16 	 4.48433e+16 	 5.197e+06 	 0 	 0 	 0 	 2.52144e+20 	 0
1.431 	 1450.15 	 6.95168e+22 	 4.48433e+16 	 0 	 4.48433e+16 	 4.48433e+16 	 5.12962e+06 	 0 	 0 	 0 	 2.52144e+20 	 0
1.441 	 1449.63 	 6.95168e+22 	 4.48433e+16 	 0 	 4.48433e+16 	 4.48433e+16 	 5.07651e+06 	 0 	 0 	 0 	 2.52144e+20 	 0
1.451 	 1449.12 	 6.95168e+22 	 4.48433e+16 	 0 	 4.48433e+16 	 4.48433e+16 	 5.02828e+06 	 0 	 0 	 0 	 2.52144e+20 	 0
1.461 	 1448.6 	 6.95168e+22 	 4.48433e+16 	 0 	 4.48433e+16 	 4.48433e+16 	 4.98217e+06 	 0 	 0 	 0 	 2.52144e+20 	 0
1.471 	 1448.08 	 6.95168e+22 	 4.48433e+16 	 0 	 4.48433e+16 	 4.48433e+16 	 4.93674e+06 	 0 	 0 	 0 	 2.52144e+20 	 0
1.481 	 1447.56 	 6.95168e+22 	 4.48433e+16 	 0 	 4.48433e+16 	 4.48433e+16 	 4.87495e+06 	 0 	 0 	 0 	 2.52144e+20 	 0
1.491 	 1447.05 	 6.95168e+22 	 4.48433e+16 	 0 	 4.48433e+16 	 4.48433e+16 	 4.81346e+06 	 0 	 0 	 0 	 2.52144e+20 	 0
1.501 	 1446.54 	 6.95168e+22 	 4.48433e+16 	 0 	 4.48433e+16 	 4.48433e+16 	 4.76468e+06 	 0 	 0 	 0 	 2.52144e+20 	 0
1.511 	 1446.03 	 6.95168e+22 	 4.48433e+16 	 0 	 4.48433e+16 	 4.48433e+16 	 4.72027e+06 	 0 	 0 	 0 	 2.52144e+20 	 0
1.521 	 1445.51 	 6.95168e+22 	 4.48433e+16 	 0 	 4.48433e+16 	 4.48433e+16 	 4.67758e+06 	 0 	 0 	 0 	 2.52144e+20 	 0
1.531 	 1445 	 6.95168e+22 	 4.48433e+16 	 0 	 4.48433e+16 	 4.48433e+16 	 4.6359e+06 	 0 	 0 	 0 	 2.52144e+20 	 0
1.541 	 1444.49 	 6.95168e+22 	 4.48433e+16 	 0 	 4.48433e+16 	 4.48433e+16 	 4.57925e+06 	 0 	 0 	 0 	 2.52144e+20 	 0
1.551 	 1443.99 	 6.95168e+22 	 4.48433e+16 	 0 	 4.48433e+16 	 4.48433e+16 	 4.52299e+06 	 0 	 0 	 0 	 2.52144e+20 	 0
1.561 	 1443.48 	 6.95168e+22 	 4.48433e+16 	 0 	 4.48433e+16 	 4.48433e+16 	 4.47791e+06 	 0 	 0 	 0 	 2.52144e+20 	 0
1.571 	 1442.98 	 6.95168e+22 	 4.48433e+16 	 0 	 4.48433e+16 	 4.48433e+16 	 4.43694e+06 	 0 	 0 	 0 	 2.52144e+20 	 0
1.581 	 1442.47 	 6.95168e+22 	 4.48433e+16 	 0 	 4.48433e+16 	 4.48433e+16 	 4.39751e+06 	 0 	 0 	 0 	 2.52144e+20 	 0
1.591 	 1441.97 	 6.95168e+22 	 4.48433e+16 	 0 	 4.48433e+16 	 4.48433e+16 	 4.35882e+06 	 0 	 0 	 0 	 2.52144e+20 	 0
1.601 	 1441.47 	 6.95168e+22 	 4.48433e+16 	 0 	 4.48433e+16 	 4.48433e+16 	 4.30692e+06 	 0 	 0 	 0 	 2.52144e+20 	 0
1.611 	 1440.97 	 6.95168e+22 	 4.48433e+16 	 0 	 4.48433e+16 	 4.48433e+16 	 4.25516e+06 	 0 	 0 	 0 	 2.52144e+20 	 0
1.621 	 1440.47 	 6.95168e+22 	 4.48433e+16 	 0 	 4.48433e+16 	 4.48433e+16 	 4.21358e+06 	 0 	 0 	 0 	 2.52144e+20 	 0
1.631 	 1439.97 	 6.95168e+22 	 4.48433e+16 	 0 	 4.48433e+16 	 4.48433e+16 	 4.17552e+06 	 0 	 0 	 0 	 2.52144e+20 	 0
1.641 	 1439.47 	 6.95168e+22 	 4.48433e+16 	 0 	 4.48433e+16 	 4.48433e+16 	 4.13904e+06 	 0 	 0 	 0 	 2.52144e+20 	 0
1.651 	 1438.97 	 6.95168e+22 	 4.48433e+16 	 0 	 4.48433e+16 	 4.48433e+16 	 4.10323e+06 	 0 	 0 	 0 	 2.52144e+20 	 0
1.661 	 1438.48 	 6.95168e+22 	 4.48433e+16 	 0 	 4.48433e+16 	 4.48433e+16 	 4.0554e+06 	 0 	 0 	 0 	 2.52144e+20 	 0
1.671 	 1437.98 	 6.95168e+22 	 4.48433e+16 	 0 	 4.48433e+16 	 4.48433e+16 	 4.00798e+06 	 0 	 0 	 0 	 2.52144e+20 	 0
1.681 	 1437.49 	 6.95168e+22 	 4.48433e+16 	 0 	 4.48433e+16 	 4.48433e+16 	 3.96939e+06 	 0 	 0 	 0 	 2.52144e+20 	 0
1.691 	 1437 	 6.95168e+22 	 4.48433e+16 	 0 	 4.48433e+16 	 4.48433e+16 	 3.93415e+06 	 0 	 0 	 0 	 2.52144e+20 	 0
1.701 	 1436.5 	 6.95168e+22 	 4.48433e+16 	 0 	 4.48433e+16 	 4.48433e+16 	 3.90018e+06 	 0 	 0 	 0 	 2.52144e+20 	 0
1.711 	 1436.01 	 6.95168e+22 	 4.48433e+16 	 0 	 4.48433e+16 	 4.48433e+16 	 3.86697e+06 	 0 	 0 	 0 	 2.52144e+20 	 0
1.721 	 1435.52 	 6.95168e+22 	 4.48433e+16 	 0 	 4.48433e+16 	 4.48433e+16 	 3.82295e+06 	 0 	 0 	 0 	 2.52144e+20 	 0
1.731 	 1435.04 	 6.95168e+22 	 4.48433e+16 	 0 	 4.48433e+16 	 4.48433e+16 	 3.77912e+06 	 0 	 0 	 0 	 2.52144e+20 	 0
1.741 	 1434.55 	 6.95168e+22 	 4.48433e+16 	 0 	 4.48433e+16 	 4.48433e+16 	 3.7434e+06 	 0 	 0 	 0 	 2.52144e+20 	 0
1.751 	 1434.06 	 6.95168e+22 	 4.48433e+16 	 0 	 4.48433e+16 	 4.48433e+16 	 3.71055e+06 	 0 	 0 	 0 	 2.52144e+20 	 0
1.761 	 1433.57 	 6.95168e+22 	 4.48433e+16 	 0 	 4.48433e+16 	 4.48433e+16 	 3.67901e+06 	 0 	 0 	 0 	 2.52144e+20 	 0
1.771 	 1433.09 	 6.95168e+22 	 4.48433e+16 	 0 	 4.48433e+16 	 4.48433e+16 	 3.64804e+06 	 0 	 0 	 0 	 2.52144e+20 	 0
1.781 	 1432.6 	 6.95168e+22 	 4.48433e+16 	 0 	 4.48433e+16 	 4.48433e+16 	 3.60257e+06 	 0 	 0 	 0 	 2.52144e+20 	 0
1.791 	 1432.12 	 6.95168e+22 	 4.48433e+16 	 0 	 4.48433e+16 	 4.48433e+16 	 3.55691e+06 	 0 	 0 	 0 	 2.52144e+20 	 0
1.801 	 1431.64 	 6.95168e+22 	 4.48433e+16 	 0 	 4.48433e+16 	 4.48433e+16 	 3.5186e+06 	 0 	 0 	 0 	 2.52144e+20 	 0
1.811 	 1431.16 	 6.95168e+22 	 4.48433e+16 	 0 	 4.48433e+16 	 4.48433e+16 	 3.4832e+06 	 0 	 0 	 0 	 2.52144e+20 	 0
1.821 	 1430.68 	 6.95168e+22 	 4.48433e+16 	 0 	 4.48433e+16 	 4.48433e+16 	 3.44915e+06 	 0 	 0 	 0 	 2.52144e+20 	 0
1.831 	 1430.2 	 6.95168e+22 	 4.48433e+16 	 0 	 4.48433e+16 	 4.48433e+16 	 3.41544e+06 	 0 	 0 	 0 	 2.52144e+20 	 0
1.841 	 1429.72 	 6.95168e+22 	 4.48433e+16 	 0 	 4.48433e+16 	 4.48433e+16 	 3.37339e+06 	 0 	 0 	 0 	 2.52144e+20 	 0
1.851 	 1429.25 	 6.95168e+22 	 4.48433e+16 	 0 	 4.48433e+16 	 4.48433e+16 	 3.33113e+06 	 0 	 0 	 0 	 2.52144e+20 	 0
1.861 	 1428.77 	 6.95168e+22 	 4.48433e+16 	 0 	 4.48433e+16 	 4.48433e+16 	 3.29572e+06 	 0 	 0 	 0 	 2.52144e+20 	 0
1.871 	 1428.3 	 6.95168e+22 	 4.48433e+16 	 0 	 4.48433e+16 	 4.48433e+16 	 3.26294e+06 	 0 	 0 	 0 	 2.52144e+20 	 0
1.881 	 1427.82 	 6.95168e+22 	 4.48433e+16 	 0 	 4.48433e+16 	 4.48433e+16 	 3.23118e+06 	 0 	 0 	 0 	 2.52144e+20 	 0
1.891 	 1427.34 	 6.95168e+22 	 4.48433e+16 	 0 	 4.48433e+16 	 4.48433e+16 	 3.19994e+06 	 0 	 0 	 0 	 2.52144e+20 	 0
1.901 	 1426.87 	 6.95168e+22 	 4.48433e+16 	 0 	 4.48433e+16 	 4.48433e+16 	 3.16098e+06 	 0 	 0 	 0 	 2.52144e+20 	 0
1.911 	 1426.4 	 6.95168e+22 	 4.48433e+16 	 0 	 4.48433e+16 	 4.48433e+16 	 3.12202e+06 	 0 	 0 	 0 	 2.52144e+20 	 0
1.921 	 1425.93 	 6.95168e+22 	 4.48433e+16 	 0 	 4.48433e+16 	 4.48433e+16 	 3.08903e+06 	 0 	 0 	 0 	 2.52144e+20 	 0
1.931 	 1425.46 	 6.95168e+22 	 4.48433e+16 	 0 	 4.48433e+16 	 4.48433e+16 	 3.05864e+06 	 0 	 0 	 0 	 2.52144e+20 	 0
1.941 	 1424.99 	 6.95168e+22 	 4.48433e+16 	 0 	 4.48433e+16 	 4.48433e+16 	 3.02897e+06 	 0 	 0 	 0 	 2.52144e+20 	 0
1.951 	 1424.52 	 6.95168e+22 	 4.48433e+16 	 0 	 4.48433e+16 	 4.48433e+16 	 2.99999e+06 	 0 	 0 	 0 	 2.52144e+20 	 0
1.961 	 1424.06 	 6.95168e+22 	 4.48433e+16 	 0 	 4.48433e+16 	 4.48433e+16 	 2.96384e+06 	 0 	 0 	 0 	 2.52144e+20 	 0
1.971 	 1423.59 	 6.95168e+22 	 4.48433e+16 	 0 	 4.48433e+16 	 4.48433e+16 	 2.92786e+06 	 0 	 0 	 0 	 2.52144e+20 	 0
1.981 	 1423.13 	 6.95168e+22 	 4.48433e+16 	 0 	 4.48433e+16 	 4.48433e+16 	 2.89729e+06 	 0 	 0 	 0 	 2.52144e+20 	 0
1.991 	 1422.67 	 6.95168e+22 	 4.48433e+16 	 0 	 4.48433e+16 	 4.48433e+16 	 2.8689e+06 	 0 	 0 	 0 	 2.52144e+20 	 0
2.001 	 1422.2 	 6.95168e+22 	 4.48433e+16 	 0 	 4.48433e+16 	 4.48433e+16 	 2.84136e+06 	 0 	 0 	 0 	 2.52144e+20 	 0
2.011 	 1421.74 	 6.95168e+22 	 4.48433e+16 	 0 	 4.48433e+16 	 4.48433e+16 	 2.81425e+06 	 0 	 0 	 0 	 2.52144e+20 	 0
2.021 	 1421.28 	 6.95168e+22 	 4.48433e+16 	 0 	 4.48433e+16 	 4.48433e+16 	 2.78084e+06 	 0 	 0 	 0 	 2.52144e+20 	 0
2.031 	 1420.82 	 6.95168e+22 	 4.48433e+16 	 0 	 4.48433e+16 	 4.48433e+16 	 2.74738e+06 	 0 	 0 	 0 	 2.52144e+20 	 0
2.041 	 1420.36 	 6.95168e+22 	 4.48433e+16 	 0 	 4.48433e+16 	 4.48433e+16 	 2.71903e+06 	 0 	 0 	 0 	 2.52144e+20 	 0
2.051 	 1419.9 	 6.95168e+22 	 4.48433e+16 	 0 	 4.48433e+16 	 4.48433e+16 	 2.69266e+06 	 0 	 0 	 0 	 2.52144e+20 	 0
2.061 	 1419.45 	 6.95168e+22 	 4.48433e+16 	 0 	 4.48433e+16 	 4.48433e+16 	 2.66688e+06 	 0 	 0 	 0 	 2.52144e+20 	 0
2.071 	 1418.99 	 6.95168e+22 	 4.48433e+16 	 0 	 4.48433e+16 	 4.48433e+16 	 2.6417e+06 	 0 	 0 	 0 	 2.52144e+20 	 0
2.081 	 1418.53 	 6.95168e+22 	 4.48433e+16 	 0 	 4.48433e+16 	 4.48433e+16 	 2.61078e+06 	 0 	 0 	 0 	 2.52144e+20 	 0
2.091 	 1418.08 	 6.95168e+22 	 4.48433e+16 	 0 	 4.48433e+16 	 4.48433e+16 	 2.57962e+06 	 0 	 0 	 0 	 2.52144e+20 	 0
2.101 	 1417.63 	 6.95168e+22 	 4.48433e+16 	 0 	 4.48433e+16 	 4.48433e+16 	 2.55329e+06 	 0 	 0 	 0 	 2.52144e+20 	 0
2.111 	 1417.18 	 6.95168e+22 	 4.48433e+16 	 0 	 4.48433e+16 	 4.48433e+16 	 2.52861e+06 	 0 	 0 	 0 	 2.52144e+20 	 0
2.121 	 1416.72 	 6.95168e+22 	 4.48433e+16 	 0 	 4.48433e+16 	 4.48433e+16 	 2.50464e+06 	 0 	 0 	 0 	 2.52144e+20 	 0
2.131 	 1416.27 	 6.95168e+22 	 4.48433e+16 	 0 	 4.48433e+16 	 4.48433e+16 	 2.48105e+06 	 0 	 0 	 0 	 2.52144e+20 	 0
2.141 	 1415.82 	 6.95168e+22 	 4.48433e+16 	 0 	 4.48433e+16 	 4.48433e+16 	 2.45241e+06 	 0 	 0 	 0 	 2.52144e+20 	 0
2.151 	 1415.37 	 6.95168e+22 	 4.48433e+16 	 0 	 4.48433e+16 	 4.48433e+16 	 2.42352e+06 	 0 	 0 	 0 	 2.52144e+20 	 0
2.161 	 1414.93 	 6.95168e+22 	 4.48433e+16 	 0 	 4.48433e+16 	 4.48433e+16 	 2.39889e+06 	 0 	 0 	 0 	 2.52144e+20 	 0
2.171 	 1414.48 	 6.95168e+22 	 4.48433e+16 	 0 	 4.48433e+16 	 4.48433e+16 	 2.37577e+06 	 0 	 0 	 0 	 2.52144e+20 	 0
2.181 	 1414.03 	 6.95168e+22 	 4.48433e+16 	 0 	 4.48433e+16 	 4.48433e+16 	 2.35347e+06 	 0 	 0 	 0 	 2.52144e+20 	 0
2.191 	 1413.59 	 6.95168e+22 	 4.48433e+16 	 0 	 4.48433e+16 	 4.48433e+16 	 2.33151e+06 	 0 	 0 	 0 	 2.52144e+20 	 0
2.201 	 1413.15 	 6.95168e+22 	 4.48433e+16 	 0 	 4.48433e+16 	 4.48433e+16 	 2.30479e+06 	 0 	 0 	 0 	 2.52144e+20 	 0
2.211 	 1412.7 	 6.95168e+22 	 4.48433e+16 	 0 	 4.48433e+16 	 4.48433e+16 	 2.27799e+06 	 0 	 0 	 0 	 2.52144e+20 	 0
2.221 	 1412.26 	 6.95168e+22 	 4.48433e+16 	 0 	 4.48433e+16 	 4.48433e+16 	 2.25492e+06 	 0 	 0 	 0 	 2.52144e+20 	 0
2.231 	 1411.82 	 6.95168e+22 	 4.48433e+16 	 0 	 4.48433e+16 	 4.48433e+16 	 2.2334e+06 	 0 	 0 	 0 	 2.52144e+20 	 0
2.241 	 1411.38 	 6.95168e+22 	 4.48433e+16 	 0 	 4.48433e+16 	 4.48433e+16 	 2.21264e+06 	 0 	 0 	 0 	 2.52144e+20 	 0
2.251 	 1410.94 	 6.95168e+22 	 4.48433e+16 	 0 	 4.48433e+16 	 4.48433e+16 	 2.19204e+06 	 0 	 0 	 0 	 2.52144e+20 	 0
2.261 	 1410.5 	 6.95168e+22 	 4.48433e+16 	 0 	 4.48433e+16 	 4.48433e+16 	 2.16724e+06 	 0 	 0 	 0 	 2.52144e+20 	 0
2.271 	 1410.07 	 6.95168e+22 	 4.48433e+16 	 0 	 4.48433e+16 	 4.48433e+16 	 2.14219e+06 	 0 	 0 	 0 	 2.52144e+20 	 0
2.281 	 1409.63 	 6.95168e+22 	 4.48433e+16 	 0 	 4.48433e+16 	 4.48433e+16 	 2.12073e+06 	 0 	 0 	 0 	 2.52144e+20 	 0
2.291 	 1409.2 	 6.95168e+22 	 4.48433e+16 	 0 	 4.48433e+16 	 4.48433e+16 	 2.10069e+06 	 0 	 0 	 0 	 2.52144e+20 	 0
2.301 	 1408.76 	 6.95168e+22 	 4.48433e+16 	 0 	 4.48433e+16 	 4.48433e+16 	 2.08121e+06 	 0 	 0 	 0 	 2.52144e+20 	 0
2.311 	 1408.33 	 6.95168e+22 	 4.48433e+16 	 0 	 4.48433e+16 	 4.48433e+16 	 2.06202e+06 	 0 	 0 	 0 	 2.52144e+20 	 0
2.321 	 1407.9 	 6.95168e+22 	 4.48433e+16 	 0 	 4.48433e+16 	 4.48433e+16 	 2.03883e+06 	 0 	 0 	 0 	 2.52144e+20 	 0
2.331 	 1407.47 	 6.95168e+22 	 4.48433e+16 	 0 	 4.48433e+16 	 4.48433e+16 	 2.01554e+06 	 0 	 0 	 0 	 2.52144e+20 	 0
2.341 	 1407.04 	 6.95168e+22 	 4.48433e+16 	 0 	 4.48433e+16 	 4.48433e+16 	 1.99541e+06 	 0 	 0 	 0 	 2.52144e+20 	 0
2.351 	 1406.61 	 6.95168e+22 	 4.48433e+16 	 0 	 4.48433e+16 	 4.48433e+16 	 1.97675e+06 	 0 	 0 	 0 	 2.52144e+20 	 0
2.361 	 1406.18 	 6.95168e+22 	 4.48433e+16 	 0 	 4.48433e+16 	 4.48433e+16 	 1.95845e+06 	 0 	 0 	 0 	 2.52144e+20 	 0
2.371 	 1405.75 	 6.95168e+22 	 4.48433e+16 	 0 	 4.48433e+16 	 4.48433e+16 	 1.94058e+06 	 0 	 0 	 0 	 2.52144e+20 	 0
2.381 	 1405.32 	 6.95168e+22 	 4.48433e+16 	 0 	 4.48433e+16 	 4.48433e+16 	 1.91887e+06 	 0 	 0 	 0 	 2.52144e+20 	 0
2.391 	 1404.9 	 6.95168e+22 	 4.48433e+16 	 0 	 4.48433e+16 	 4.48433e+16 	 1.89721e+06 	 0 	 0 	 0 	 2.52144e+20 	 0
2.401 	 1404.48 	 6.95168e+22 	 4.48433e+16 	 0 	 4.48433e+16 	 4.48433e+16 	 1.87846e+06 	 0 	 0 	 0 	 2.52144e+20 	 0
2.411 	 1404.05 	 6.95168e+22 	 4.48433e+16 	 0 	 4.48433e+16 	 4.48433e+16 	 1.86093e+06 	 0 	 0 	 0 	 2.52144e+20 	 0
2.421 	 1403.63 	 6.95168e+22 	 4.48433e+16 	 0 	 4.48433e+16 	 4.48433e+16 	 1.84388e+06 	 0 	 0 	 0 	 2.52144e+20 	 0
2.431 	 1403.21 	 6.95168e+22 	 4.48433e+16 	 0 	 4.48433e+16 	 4.48433e+16 	 1.82708e+06 	 0 	 0 	 0 	 2.52144e+20 	 0
2.441 	 1402.79 	 6.95168e+22 	 4.48433e+16 	 0 	 4.48433e+16 	 4.48433e+16 	 1.80688e+06 	 0 	 0 	 0 	 2.52144e+20 	 0
2.451 	 1402.37 	 6.95168e+22 	 4.48433e+16 	 0 	 4.48433e+16 	 4.48433e+16 	 1.78658e+06 	 0 	 0 	 0 	 2.52144e+20 	 0
2.461 	 1401.95 	 6.95168e+22 	 4.48433e+16 	 0 	 4.48433e+16 	 4.48433e+16 	 1.76912e+06 	 0 	 0 	 0 	 2.52144e+20 	 0
2.471 	 1401.53 	 6.95168e+22 	 4.48433e+16 	 0 	 4.48433e+16 	 4.48433e+16 	 1.75278e+06 	 0 	 0 	 0 	 2.52144e+20 	 0
2.481 	 1401.11 	 6.95168e+22 	 4.48433e+16 	 0 	 4.48433e+16 	 4.48433e+16 	 1.73674e+06 	 0 	 0 	 0 	 2.52144e+20 	 0
2.491 	 1400.7 	 6.95168e+22 	 4.48433e+16 	 0 	 4.48433e+16 	 4.48433e+16 	 1.72108e+06 	 0 	 0 	 0 	 2.52144e+20 	 0
2.501 	 1400.28 	 6.95168e+22 	 4.48433e+16 	 0 	 4.48433e+16 	 4.48433e+16 	 1.70228e+06 	 0 	 0 	 0 	 2.52144e+20 	 0
2.511 	 1399.87 	 6.95168e+22 	 4.48433e+16 	 0 	 4.48433e+16 	 4.48433e+16 	 1.68324e+06 	 0 	 0 	 0 	 2.52144e+20 	 0
2.521 	 1399.46 	 6.95168e+22 	 4.48433e+16 	 0 	 4.48433e+16 	 4.48433e+16 	 1.66696e+06 	 0 	 0 	 0 	 2.52144e+20 	 0
2.531 	 1399.05 	 6.95168e+22 	 4.48433e+16 	 0 	 4.48433e+16 	 4.48433e+16 	 1.6516e+06 	 0 	 0 	 0 	 2.52144e+20 	 0
2.541 	 1398.63 	 6.95168e+22 	 4.48433e+16 	 0 	 4.48433e+16 	 4.48433e+16 	 1.63665e+06 	 0 	 0 	 0 	 2.52144e+20 	 0
2.551 	 1398.23 	 6.95168e+22 	 4.48433e+16 	 0 	 4.48433e+16 	 4.48433e+16 	 1.61883e+06 	 0 	 0 	 0 	 2.52144e+20 	 0
2.561 	 1397.82 	 6.95168e+22 	 4.48433e+16 	 0 	 4.48433e+16 	 4.48433e+16 	 1.60105e+06 	 0 	 0 	 0 	 2.52144e+20 	 0
2.571 	 1397.41 	 6.95168e+22 	 4.48433e+16 	 0 	 4.48433e+16 	 4.48433e+16 	 1.58561e+06 	 0 	 0 	 0 	 2.52144e+20 	 0
2.581 	 1397.01 	 6.95168e+22 	 4.48433e+16 	 0 	 4.48433e+16 	 4.48433e+16 	 1.57104e+06 	 0 	 0 	 0 	 2.52144e+20 	 0
2.591 	 1396.6 	 6.95168e+22 	 4.48433e+16 	 0 	 4.48433e+16 	 4.48433e+16 	 1.55698e+06 	 0 	 0 	 0 	 2.52144e+20 	 0
2.601 	 1396.19 	 6.95168e+22 	 4.48433e+16 	 0 	 4.48433e+16 	 4.48433e+16 	 1.54313e+06 	 0 	 0 	 0 	 2.52144e+20 	 0
2.611 	 1395.79 	 6.95168e+22 	 4.48433e+16 	 0 	 4.48433e+16 	 4.48433e+16 	 1.52655e+06 	 0 	 0 	 0 	 2.52144e+20 	 0
2.621 	 1395.39 	 6.95168e+22 	 4.48433e+16 	 0 	 4.48433e+16 	 4.48433e+16 	 1.50974e+06 	 0 	 0 	 0 	 2.52144e+20 	 0
2.631 	 1394.99 	 6.95168e+22 	 4.48433e+16 	 0 	 4.48433e+16 	 4.48433e+16 	 1.49535e+06 	 0 	 0 	 0 	 2.52144e+20 	 0
2.641 	 1394.59 	 6.95168e+22 	 4.48433e+16 	 0 	 4.48433e+16 	 4.48433e+16 	 1.48176e+06 	 0 	 0 	 0 	 2.52144e+20 	 0
2.651 	 1394.19 	 6.95168e+22 	 4.48433e+16 	 0 	 4.48433e+16 	 4.48433e+16 	 1.46853e+06 	 0 	 0 	 0 	 2.52144e+20 	 0
2.661 	 1393.79 	 6.95168e+22 	 4.48433e+16 	 0 	 4.48433e+16 	 4.48433e+16 	 1.4556e+06 	 0 	 0 	 0 	 2.52144e+20 	 0
2.671 	 1393.39 	 6.95168e+22 	 4.48433e+16 	 0 	 4.48433e+16 	 4.48433e+16 	 1.44003e+06 	 0 	 0 	 0 	 2.52144e+20 	 0
2.681 	 1393 	 6.95168e+22 	 4.48433e+16 	 0 	 4.48433e+16 	 4.48433e+16 	 1.42446e+06 	 0 	 0 	 0 	 2.52144e+20 	 0
2.691 	 1392.6 	 6.95168e+22 	 4.48433e+16 	 0 	 4.48433e+16 	 4.48433e+16 	 1.39654e+06 	 0 	 0 	 0 	 2.52144e+20 	 0
2.701 	 1392.21 	 6.95168e+22 	 4.48433e+16 	 0 	 4.48433e+16 	 4.48433e+16 	 1.36925e+06 	 0 	 0 	 0 	 2.52144e+20 	 0
2.711 	 1391.81 	 6.95168e+22 	 4.48433e+16 	 0 	 4.48433e+16 	 4.48433e+16 	 1.34334e+06 	 0 	 0 	 0 	 2.52144e+20 	 0
2.721 	 1391.42 	 6.95168e+22 	 4.48433e+16 	 0 	 4.48433e+16 	 4.48433e+16 	 1.31817e+06 	 0 	 0 	 0 	 2.52144e+20 	 0
2.731 	 1391.03 	 6.95168e+22 	 4.48433e+16 	 0 	 4.48433e+16 	 4.48433e+16 	 1.29131e+06 	 0 	 0 	 0 	 2.52144e+20 	 0
2.741 	 1390.64 	 6.95168e+22 	 4.48433e+16 	 0 	 4.48433e+16 	 4.48433e+16 	 1.26436e+06 	 0 	 0 	 0 	 2.52144e+20 	 0
2.751 	 1390.25 	 6.95168e+22 	 4.48433e+16 	 0 	 4.48433e+16 	 4.48433e+16 	 1.24042e+06 	 0 	 0 	 0 	 2.52144e+20 	 0
2.761 	 1389.86 	 6.95168e+22 	 4.48433e+16 	 0 	 4.48433e+16 	 4.48433e+16 	 1.21763e+06 	 0 	 0 	 0 	 2.52144e+20 	 0
2.771 	 1389.47 	 6.95168e+22 	 4.48433e+16 	 0 	 4.48433e+16 	 4.48433e+16 	 1.19596e+06 	 0 	 0 	 0 	 2.52144e+20 	 0
2.781 	 1389.08 	 6.95168e+22 	 4.48433e+16 	 0 	 4.48433e+16 	 4.48433e+16 	 1.17241e+06 	 0 	 0 	 0 	 2.52144e+20 	 0
2.791 	 1388.7 	 6.95168e+22 	 4.48433e+16 	 0 	 4.48433e+16 	 4.48433e+16 	 1.14911e+06 	 0 	 0 	 0 	 2.52144e+20 	 0
2.801 	 1388.32 	 6.95168e+22 	 4.48433e+16 	 0 	 4.48433e+16 	 4.48433e+16 	 1.12811e+06 	 0 	 0 	 0 	 2.52144e+20 	 0
2.811 	 1387.93 	 6.95168e+22 	 4.48433e+16 	 0 	 4.48433e+16 	 4.48433e+16 	 1.10844e+06 	 0 	 0 	 0 	 2.52144e+20 	 0
2.821 	 1387.55 	 6.95168e+22 	 4.48433e+16 	 0 	 4.48433e+16 	 4.48433e+16 	 1.0894e+06 	 0 	 0 	 0 	 2.52144e+20 	 0
2.831 	 1387.17 	 6.95168e+22 	 4.48433e+16 	 0 	 4.48433e+16 	 4.48433e+16 	 1.07087e+06 	 0 	 0 	 0 	 2.52144e+20 	 0
2.841 	 1386.79 	 6.95168e+22 	 4.48433e+16 	 0 	 4.48433e+16 	 4.48433e+16 	 1.05091e+06 	 0 	 0 	 0 	 2.52144e+20 	 0
2.851 	 1386.41 	 6.95168e+22 	 4.48433e+16 	 0 	 4.48433e+16 	 4.48433e+16 	 1.03082e+06 	 0 	 0 	 0 	 2.52144e+20 	 0
2.861 	 1386.03 	 6.95168e+22 	 4.48433e+16 	 0 	 4.48433e+16 	 4.48433e+16 	 1.01301e+06 	 0 	 0 	 0 	 2.52144e+20 	 0
2.871 	 1385.65 	 6.95168e+22 	 4.48433e+16 	 0 	 4.48433e+16 	 4.48433e+16 	 996040 	 0 	 0 	 0 	 2.52144e+20 	 0
2.881 	 1385.27 	 6.95168e+22 	 4.48433e+16 	 0 	 4.48433e+16 	 4.48433e+16 	 979872 	 0 	 0 	 0 	 2.52144e+20 	 0
2.891 	 1384.9 	 6.95168e+22 	 4.48433e+16 	 0 	 4.48433e+16 	 4.48433e+16 	 964112 	 0 	 0 	 0 	 2.52144e+20 	 0
2.901 	 1384.52 	 6.95168e+22 	 4.48433e+16 	 0 	 4.48433e+16 	 4.48433e+16 	 946779 	 0 	 0 	 0 	 2.52144e+20 	 0
2.911 	 1384.15 	 6.95168e+22 	 4.48433e+16 	 0 	 4.48433e+16 	 4.48433e+16 	 929577 	 0 	 0 	 0 	 2.52144e+20 	 0
2.921 	 1383.78 	 6.95168e+22 	 4.48433e+16 	 0 	 4.48433e+16 	 4.48433e+16 	 914103 	 0 	 0 	 0 	 2.52144e+20 	 0
2.931 	 1383.4 	 6.95168e+22 	 4.48433e+16 	 0 	 4.48433e+16 	 4.48433e+16 	 899591 	 0 	 0 	 0 	 2.52144e+20 	 0
2.941 	 1383.03 	 6.95168e+22 	 4.48433e+16 	 0 	 4.48433e+16 	 4.48433e+16 	 885754 	 0 	 0 	 0 	 2.52144e+20 	 0
2.951 	 1382.66 	 6.95168e+22 	 4.48433e+16 	 0 	 4.48433e+16 	 4.48433e+16 	 870493 	 0 	 0 	 0 	 2.52144e+20 	 0
2.961 	 1382.29 	 6.95168e+22 	 4.48433e+16 	 0 	 4.48433e+16 	 4.48433e+16 	 855124 	 0 	 0 	 0 	 2.52144e+20 	 0
2.971 	 1381.93 	 6.95168e+22 	 4.48433e+16 	 0 	 4.48433e+16 	 4.48433e+16 	 841520 	 0 	 0 	 0 	 2.52144e+20 	 0
2.981 	 1381.56 	 6.95168e+22 	 4.48433e+16 	 0 	 4.48433e+16 	 4.48433e+16 	 828558 	 0 	 0 	 0 	 2.52144e+20 	 0
2.991 	 1381.19 	 6.95168e+22 	 4.48433e+16 	 0 	 4.48433e+16 	 4.48433e+16 	 816190 	 0 	 0 	 0 	 2.52144e+20 	 0
3.001 	 1380.83 	 6.95168e+22 	 4.48433e+16 	 0 	 4.48433e+16 	 4.48433e+16 	 804115 	 0 	 0 	 0 	 2.52144e+20 	 0
3.011 	 1380.46 	 6.95168e+22 	 4.48433e+16 	 0 	 4.48433e+16 	 4.48433e+16 	 790909 	 0 	 0 	 0 	 2.52144e+20 	 0
3.021 	 1380.1 	 6.95168e+22 	 4.48433e+16 	 0 	 4.48433e+16 	 4.48433e+16 	 777394 	 0 	 0 	 0 	 2.52144e+20 	 0
3.031 	 1379.74 	 6.95168e+22 	 4.48433e+16 	 0 	 4.48433e+16 	 4.48433e+16 	 765619 	 0 	 0 	 0 	 2.52144e+20 	 0
3.041 	 1379.38 	 6.95168e+22 	 4.48433e+16 	 0 	 4.48433e+16 	 4.48433e+16 	 754398 	 0 	 0 	 0 	 2.52144e+20 	 0
3.051 	 1379.02 	 6.95168e+22 	 4.48433e+16 	 0 	 4.48433e+16 	 4.48433e+16 	 743509 	 0 	 0 	 0 	 2.52144e+20 	 0
3.061 	 1378.66 	 6.95168e+22 	 4.48433e+16 	 0 	 4.48433e+16 	 4.48433e+16 	 732870 	 0 	 0 	 0 	 2.52144e+20 	 0
3.071 	 1378.3 	 6.95168e+22 	 4.48433e+16 	 0 	 4.48433e+16 	 4.48433e+16 	 721361 	 0 	 0 	 0 	 2.52144e+20 	 0
3.081 	 1377.94 	 6.95168e+22 	 4.48433e+16 	 0 	 4.48433e+16 	 4.48433e+16 	 709569 	 0 	 0 	 0 	 2.52144e+20 	 0
3.091 	 1377.59 	 6.95168e+22 	 4.48433e+16 	 0 	 4.48433e+16 	 4.48433e+16 	 699153 	 0 	 0 	 0 	 2.52144e+20 	 0
3.101 	 1377.23 	 6.95168e+22 	 4.48433e+16 	 0 	 4.48433e+16 	 4.48433e+16 	 689385 	 0 	 0 	 0 	 2.52144e+20 	 0
3.111 	 1376.88 	 6.95168e+22 	 4.48433e+16 	 0 	 4.48433e+16 	 4.48433e+16 	 679746 	 0 	 0 	 0 	 2.52144e+20 	 0
3.121 	 1376.52 	 6.95168e+22 	 4.48433e+16 	 0 	 4.48433e+16 	 4.48433e+16 	 669316 	 0 	 0 	 0 	 2.52144e+20 	 0
3.131 	 1376.17 	 6.95168e+22 	 4.48433e+16 	 0 	 4.48433e+16 	 4.48433e+16 	 658784 	 0 	 0 	 0 	 2.52144e+20 	 0
3.141 	 1375.82 	 6.95168e+22 	 4.48433e+16 	 0 	 4.48433e+16 	 4.48433e+16 	 649356 	 0 	 0 	 0 	 2.52144e+20 	 0
3.151 	 1375.47 	 6.95168e+22 	 4.48433e+16 	 0 	 4.48433e+16 	 4.48433e+16 	 640656 	 0 	 0 	 0 	 2.52144e+20 	 0
3.161 	 1375.12 	 6.95168e+22 	 4.48433e+16 	 0 	 4.48433e+16 	 4.48433e+16 	 632066 	 0 	 0 	 0 	 2.52144e+20 	 0
3.171 	 1374.77 	 6.95168e+22 	 4.48433e+16 	 0 	 4.48433e+16 	 4.48433e+16 	 623662 	 0 	 0 	 0 	 2.52144e+20 	 0
3.181 	 1374.42 	 6.95168e+22 	 4.48433e+16 	 0 	 4.48433e+16 	 4.48433e+16 	 614494 	 0 	 0 	 0 	 2.52144e+20 	 0
3.191 	 1374.08 	 6.95168e+22 	 4.48433e+16 	 0 	 4.48433e+16 	 4.48433e+16 	 605087 	 0 	 0 	 0 	 2.52144e+20 	 0
3.201 	 1373.73 	 6.95168e+22 	 4.48433e+16 	 0 	 4.48433e+16 	 4.48433e+16 	 596800 	 0 	 0 	 0 	 2.52144e+20 	 0
3.211 	 1373.39 	 6.95168e+22 	 4.48433e+16 	 0 	 4.48433e+16 	 4.48433e+16 	 589030 	 0 	 0 	 0 	 2.52144e+20 	 0
3.221 	 1373.04 	 6.95168e+22 	 4.48433e+16 	 0 	 4.48433e+16 	 4.48433e+16 	 581481 	 0 	 0 	 0 	 2.52144e+20 	 0
3.231 	 1372.7 	 6.95168e+22 	 4.48433e+16 	 0 	 4.48433e+16 	 4.48433e+16 	 573107 	 0 	 0 	 0 	 2.52144e+20 	 0
3.241 	 1372.36 	 6.95168e+22 	 4.48433e+16 	 0 	 4.48433e+16 	 4.48433e+16 	 564522 	 0 	 0 	 0 	 2.52144e+20 	 0
3.251 	 1372.02 	 6.95168e+22 	 4.48433e+16 	 0 	 4.48433e+16 	 4.48433e+16 	 557082 	 0 	 0 	 0 	 2.52144e+20 	 0
3.261 	 1371.68 	 6.95168e+22 	 4.48433e+16 	 0 	 4.48433e+16 	 4.48433e+16 	 549997 	 0 	 0 	 0 	 2.52144e+20 	 0
3.271 	 1371.34 	 6.95168e+22 	 4.48433e+16 	 0 	 4.48433e+16 	 4.48433e+16 	 543112 	 0 	 0 	 0 	 2.52144e+20 	 0
3.281 	 1371 	 6.95168e+22 	 4.48433e+16 	 0 	 4.48433e+16 	 4.48433e+16 	 536478 	 0 	 0 	 0 	 2.52144e+20 	 0
3.291 	 1370.66 	 6.95168e+22 	 4.48433e+16 	 0 	 4.48433e+16 	 4.48433e+16 	 528950 	 0 	 0 	 0 	 2.52144e+20 	 0
3.301 	 1370.33 	 6.95168e+22 	 4.48433e+16 	 0 	 4.48433e+16 	 4.48433e+16 	 521433 	 0 	 0 	 0 	 2.52144e+20 	 0
3.311 	 1369.99 	 6.95168e+22 	 4.48433e+16 	 0 	 4.48433e+16 	 4.48433e+16 	 514737 	 0 	 0 	 0 	 2.52144e+20 	 0
3.321 	 1369.66 	 6.95168e+22 	 4.48433e+16 	 0 	 4.48433e+16 	 4.48433e+16 	 508361 	 0 	 0 	 0 	 2.52144e+20 	 0
3.331 	 1369.32 	 6.95168e+22 	 4.48433e+16 	 0 	 4.48433e+16 	 4.48433e+16 	 502263 	 0 	 0 	 0 	 2.52144e+20 	 0
3.341 	 1368.99 	 6.95168e+22 	 4.48433e+16 	 0 	 4.48433e+16 	 4.48433e+16 	 496286 	 0 	 0 	 0 	 2.52144e+20 	 0
3.351 	 1368.66 	 6.95168e+22 	 4.48433e+16 	 0 	 4.48433e+16 	 4.48433e+16 	 489578 	 0 	 0 	 0 	 2.52144e+20 	 0
3.361 	 1368.33 	 6.95168e+22 	 4.48433e+16 	 0 	 4.48433e+16 	 4.48433e+16 	 482781 	 0 	 0 	 0 	 2.52144e+20 	 0
3.371 	 1368 	 6.95168e+22 	 4.48433e+16 	 0 	 4.48433e+16 	 4.48433e+16 	 476825 	 0 	 0 	 0 	 2.52144e+20 	 0
3.381 	 1367.67 	 6.95168e+22 	 4.48433e+16 	 0 	 4.48433e+16 	 4.48433e+16 	 471156 	 0 	 0 	 0 	 2.52144e+20 	 0
3.391 	 1367.34 	 6.95168e+22 	 4.48433e+16 	 0 	 4.48433e+16 	 4.48433e+16 	 465644 	 0 	 0 	 0 	 2.52144e+20 	 0
3.401 	 1367.01 	 6.95168e+22 	 4.48433e+16 	 0 	 4.48433e+16 	 4.48433e+16 	 459548 	 0 	 0 	 0 	 2.52144e+20 	 0
3.411 	 1366.69 	 6.95168e+22 	 4.48433e+16 	 0 	 4.48433e+16 	 4.48433e+16 	 453286 	 0 	 0 	 0 	 2.52144e+20 	 0
3.421 	 1366.36 	 6.95168e+22 	 4.48433e+16 	 0 	 4.48433e+16 	 4.48433e+16 	 447805 	 0 	 0 	 0 	 2.52144e+20 	 0
3.431 	 1366.04 	 6.95168e+22 	 4.48433e+16 	 0 	 4.48433e+16 	 4.48433e+16 	 442673 	 0 	 0 	 0 	 2.52144e+20 	 0
3.441 	 1365.71 	 6.95168e+22 	 4.48433e+16 	 0 	 4.48433e+16 	 4.48433e+16 	 437683 	 0 	 0 	 0 	 2.52144e+20 	 0
3.451 	 1365.39 	 6.95168e+22 	 4.48433e+16 	 0 	 4.48433e+16 	 4.48433e+16 	 432788 	 0 	 0 	 0 	 2.52144e+20 	 0
3.461 	 1365.07 	 6.95168e+22 	 4.48433e+16 	 0 	 4.48433e+16 	 4.48433e+16 	 427249 	 0 	 0 	 0 	 2.52144e+20 	 0
3.471 	 1364.75 	 6.95168e+22 	 4.48433e+16 	 0 	 4.48433e+16 	 4.48433e+16 	 421630 	 0 	 0 	 0 	 2.52144e+20 	 0
3.481 	 1364.43 	 6.95168e+22 	 4.48433e+16 	 0 	 4.48433e+16 	 4.48433e+16 	 416723 	 0 	 0 	 0 	 2.52144e+20 	 0
3.491 	 1364.11 	 6.95168e+22 	 4.48433e+16 	 0 	 4.48433e+16 	 4.48433e+16 	 412057 	 0 	 0 	 0 	 2.52144e+20 	 0
3.501 	 1363.79 	 6.95168e+22 	 4.48433e+16 	 0 	 4.48433e+16 	 4.48433e+16 	 407519 	 0 	 0 	 0 	 2.52144e+20 	 0
3.511 	 1363.47 	 6.95168e+22 	 4.48433e+16 	 0 	 4.48433e+16 	 4.48433e+16 	 402458 	 0 	 0 	 0 	 2.52144e+20 	 0
3.521 	 1363.16 	 6.95168e+22 	 4.48433e+16 	 0 	 4.48433e+16 	 4.48433e+16 	 397255 	 0 	 0 	 0 	 2.52144e+20 	 0
3.531 	 1362.84 	 6.95168e+22 	 4.48433e+16 	 0 	 4.48433e+16 	 4.48433e+16 	 392717 	 0 	 0 	 0 	 2.52144e+20 	 0
3.541 	 1362.53 	 6.95168e+22 	 4.48433e+16 	 0 	 4.48433e+16 	 4.48433e+16 	 388473 	 0 	 0 	 0 	 2.52144e+20 	 0
3.551 	 1362.21 	 6.95168e+22 	 4.48433e+16 	 0 	 4.48433e+16 	 4.48433e+16 	 384343 	 0 	 0 	 0 	 2.52144e+20 	 0
3.561 	 1361.9 	 6.95168e+22 	 4.48433e+16 	 0 	 4.48433e+16 	 4.48433e+16 	 380291 	 0 	 0 	 0 	 2.52144e+20 	 0
3.571 	 1361.59 	 6.95168e+22 	 4.48433e+16 	 0 	 4.48433e+16 	 4.48433e+16 	 375667 	 0 	 0 	 0 	 2.52144e+20 	 0
3.581 	 1361.28 	 6.95168e+22 	 4.48433e+16 	 0 	 4.48433e+16 	 4.48433e+16 	 373358 	 0 	 0 	 0 	 2.52144e+20 	 0
3.591 	 1360.97 	 6.95168e+22 	 4.48433e+16 	 0 	 4.48433e+16 	 4.48433e+16 	 371481 	 0 	 0 	 0 	 2.52144e+20 	 0
3.601 	 1360.66 	 6.95168e+22 	 4.48433e+16 	 0 	 4.48433e+16 	 4.48433e+16 	 369766 	 0 	 0 	 0 	 2.52144e+20 	 0
3.611 	 1360.35 	 6.95168e+22 	 4.48433e+16 	 0 	 4.48433e+16 	 4.48433e+16 	 368114 	 0 	 0 	 0 	 2.52144e+20 	 0
3.621 	 1360.04 	 6.95168e+22 	 4.48433e+16 	 0 	 4.48433e+16 	 4.48433e+16 	 365874 	 0 	 0 	 0 	 2.52144e+20 	 0
3.631 	 1359.73 	 6.95168e+22 	 4.48433e+16 	 0 	 4.48433e+16 	 4.48433e+16 	 363642 	 0 	 0 	 0 	 2.52144e+20 	 0
3.641 	 1359.43 	 6.95168e+22 	 4.48433e+16 	 0 	 4.48433e+16 	 4.48433e+16 	 361833 	 0 	 0 	 0 	 2.52144e+20 	 0
3.651 	 1359.12 	 6.95168e+22 	 4.48433e+16 	 0 	 4.48433e+16 	 4.48433e+16 	 360181 	 0 	 0 	 0 	 2.52144e+20 	 0
3.661 	 1358.82 	 6.95168e+22 	 4.48433e+16 	 0 	 4.48433e+16 	 4.48433e+16 	 358591 	 0 	 0 	 0 	 2.52144e+20 	 0
3.671 	 1358.51 	 6.95168e+22 	 4.48433e+16 	 0 	 4.48433e+16 	 4.48433e+16 	 357028 	 0 	 0 	 0 	 2.52144e+20 	 0
3.681 	 1358.21 	 6.95168e+22 	 4.48433e+16 	 0 	 4.48433e+16 	 4.48433e+16 	 354882 	 0 	 0 	 0 	 2.52144e+20 	 0
3.691 	 1357.91 	 6.95168e+22 	 4.48433e+16 	 0 	 4.48433e+16 	 4.48433e+16 	 352740 	 0 	 0 	 0 	 2.52144e+20 	 0
3.701 	 1357.61 	 6.95168e+22 	 4.48433e+16 	 0 	 4.48433e+16 	 4.48433e+16 	 351005 	 0 	 0 	 0 	 2.52144e+20 	 0
3.711 	 1357.31 	 6.95168e+22 	 4.48433e+16 	 0 	 4.48433e+16 	 4.48433e+16 	 349422 	 0 	 0 	 0 	 2.52144e+20 	 0
3.721 	 1357.01 	 6.95168e+22 	 4.48433e+16 	 0 	 4.48433e+16 	 4.48433e+16 	 347898 	 0 	 0 	 0 	 2.52144e+20 	 0
3.731 	 1356.71 	 6.95168e+22 	 4.48433e+16 	 0 	 4.48433e+16 	 4.48433e+16 	 345819 	 0 	 0 	 0 	 2.52144e+20 	 0
3.741 	 1356.42 	 6.95168e+22 	 4.48433e+16 	 0 	 4.48433e+16 	 4.48433e+16 	 343748 	 0 	 0 	 0 	 2.52144e+20 	 0
3.751 	 1356.12 	 6.95168e+22 	 4.48433e+16 	 0 	 4.48433e+16 	 4.48433e+16 	 342074 	 0 	 0 	 0 	 2.52144e+20 	 0
3.761 	 1355.83 	 6.95168e+22 	 4.48433e+16 	 0 	 4.48433e+16 	 4.48433e+16 	 340548 	 0 	 0 	 0 	 2.52144e+20 	 0
3.771 	 1355.53 	 6.95168e+22 	 4.48433e+16 	 0 	 4.48433e+16 	 4.48433e+16 	 339081 	 0 	 0 	 0 	 2.52144e+20 	 0
3.781 	 1355.24 	 6.95168e+22 	 4.48433e+16 	 0 	 4.48433e+16 	 4.48433e+16 	 337639 	 0 	 0 	 0 	 2.52144e+20 	 0
3.791 	 1354.94 	 6.95168e+22 	 4.48433e+16 	 0 	 4.48433e+16 	 4.48433e+16 	 335646 	 0 	 0 	 0 	 2.52144e+20 	 0
3.801 	 1354.65 	 6.95168e+22 	 4.48433e+16 	 0 	 4.48433e+16 	 4.48433e+16 	 333656 	 0 	 0 	 0 	 2.52144e+20 	 0
3.811 	 1354.36 	 6.95168e+22 	 4.48433e+16 	 0 	 4.48433e+16 	 4.48433e+16 	 332050 	 0 	 0 	 0 	 2.52144e+20 	 0
3.821 	 1354.07 	 6.95168e+22 	 4.48433e+16 	 0 	 4.48433e+16 	 4.48433e+16 	 330587 	 0 	 0 	 0 	 2.52144e+20 	 0
3.831 	 1353.78 	 6.95168e+22 	 4.48433e+16 	 0 	 4.48433e+16 	 4.48433e+16 	 329181 	 0 	 0 	 0 	 2.52144e+20 	 0
3.841 	 1353.49 	 6.95168e+22 	 4.48433e+16 	 0 	 4.48433e+16 	 4.48433e+16 	 327248 	 0 	 0 	 0 	 2.52144e+20 	 0
3.851 	 1353.21 	 6.95168e+22 	 4.48433e+16 	 0 	 4.48433e+16 	 4.48433e+16 	 325323 	 0 	 0 	 0 	 2.52144e+20 	 0
3.861 	 1352.92 	 6.95168e+22 	 4.48433e+16 	 0 	 4.48433e+16 	 4.48433e+16 	 323773 	 0 	 0 	 0 	 2.52144e+20 	 0
3.871 	 1352.63 	 6.95168e+22 	 4.48433e+16 	 0 	 4.48433e+16 	 4.48433e+16 	 322362 	 0 	 0 	 0 	 2.52144e+20 	 0
3.881 	 1352.35 	 6.95168e+22 	 4.48433e+16 	 0 	 4.48433e+16 	 4.48433e+16 	 321007 	 0 	 0 	 0 	 2.52144e+20 	 0
3.891 	 1352.06 	 6.95168e+22 	 4.48433e+16 	 0 	 4.48433e+16 	 4.48433e+16 	 319675 	 0 	 0 	 0 	 2.52144e+20 	 0
3.901 	 1351.78 	 6.95168e+22 	 4.48433e+16 	 0 	 4.48433e+16 	 4.48433e+16 	 317821 	 0 	 0 	 0 	 2.52144e+20 	 0
3.911 	 1351.5 	 6.95168e+22 	 4.48433e+16 	 0 	 4.48433e+16 	 4.48433e+16 	 315970 	 0 	 0 	 0 	 2.52144e+20 	 0
3.921 	 1351.21 	 6.95168e+22 	 4.48433e+16 	 0 	 4.48433e+16 	 4.48433e+16 	 314482 	 0 	 0 	 0 	 2.52144e+20 	 0
3.931 	 1350.93 	 6.95168e+22 	 4.48433e+16 	 0 	 4.48433e+16 	 4.48433e+16 	 313129 	 0 	 0 	 0 	 2.52144e+20 	 0
3.941 	 1350.65 	 6.95168e+22 	 4.48433e+16 	 0 	 4.48433e+16 	 4.48433e+16 	 311828 	 0 	 0 	 0 	 2.52144e+20 	 0
3.951 	 1350.37 	 6.95168e+22 	 4.48433e+16 	 0 	 4.48433e+16 	 4.48433e+16 	 310030 	 0 	 0 	 0 	 2.52144e+20 	 0
3.961 	 1350.09 	 6.95168e+22 	 4.48433e+16 	 0 	 4.48433e+16 	 4.48433e+16 	 308238 	 0 	 0 	 0 	 2.52144e+20 	 0
3.971 	 1349.82 	 6.95168e+22 	 4.48433e+16 	 0 	 4.48433e+16 	 4.48433e+16 	 306800 	 0 	 0 	 0 	 2.52144e+20 	 0
3.981 	 1349.54 	 6.95168e+22 	 4.48433e+16 	 0 	 4.48433e+16 	 4.48433e+16 	 305495 	 0 	 0 	 0 	 2.52144e+20 	 0
3.991 	 1349.26 	 6.95168e+22 	 4.48433e+16 	 0 	 4.48433e+16 	 4.48433e+16 	 304241 	 0 	 0 	 0 	 2.52144e+20 	 0
4.001 	 1348.98 	 6.95168e+22 	 4.48433e+16 	 0 	 4.48433e+16 	 4.48433e+16 	 303010 	 0 	 0 	 0 	 2.52144e+20 	 0
4.011 	 1348.71 	 6.95168e+22 	 4.48433e+16 	 0 	 4.48433e+16 	 4.48433e+16 	 301284 	 0 	 0 	 0 	 2.52144e+20 	 0
4.021 	 1348.44 	 6.95168e+22 	 4.48433e+16 	 0 	 4.48433e+16 	 4.48433e+16 	 299559 	 0 	 0 	 0 	 2.52144e+20 	 0
4.031 	 1348.16 	 6.95168e+22 	 4.48433e+16 	 0 	 4.48433e+16 	 4.48433e+16 	 298178 	 0 	 0 	 0 	 2.52144e+20 	 0
4.041 	 1347.89 	 6.95168e+22 	 4.48433e+16 	 0 	 4.48433e+16 	 4.48433e+16 	 296925 	 0 	 0 	 0 	 2.52144e+20 	 0
4.051 	 1347.62 	 6.95168e+22 	 4.48433e+16 	 0 	 4.48433e+16 	 4.48433e+16 	 295722 	 0 	 0 	 0 	 2.52144e+20 	 0
4.061 	 1347.35 	 6.95168e+22 	 4.48433e+16 	 0 	 4.48433e+16 	 4.48433e+16 	 294046 	 0 	 0 	 0 	 2.52144e+20 	 0
4.071 	 1347.08 	 6.95168e+22 	 4.48433e+16 	 0 	 4.48433e+16 	 4.48433e+16 	 292375 	 0 	 0 	 0 	 2.52144e+20 	 0
4.081 	 1346.81 	 6.95168e+22 	 4.48433e+16 	 0 	 4.48433e+16 	 4.48433e+16 	 291041 	 0 	 0 	 0 	 2.52144e+20 	 0
4.091 	 1346.54 	 6.95168e+22 	 4.48433e+16 	 0 	 4.48433e+16 	 4.48433e+16 	 289832 	 0 	 0 	 0 	 2.52144e+20 	 0
4.101 	 1346.27 	 6.95168e+22 	 4.48433e+16 	 0 	 4.48433e+16 	 4.48433e+16 	 288671 	 0 	 0 	 0 	 2.52144e+20 	 0
4.111 	 1346.01 	 6.95168e+22 	 4.48433e+16 	 0 	 4.48433e+16 	 4.48433e+16 	 287531 	 0 	 0 	 0 	 2.52144e+20 	 0
4.121 	 1345.74 	 6.95168e+22 	 4.48433e+16 	 0 	 4.48433e+16 	 4.48433e+16 	 285921 	 0 	 0 	 0 	 2.52144e+20 	 0
4.131 	 1345.47 	 6.95168e+22 	 4.48433e+16 	 0 	 4.48433e+16 	 4.48433e+16 	 284313 	 0 	 0 	 0 	 2.52144e+20 	 0
4.141 	 1345.21 	 6.95168e+22 	 4.48433e+16 	 0 	 4.48433e+16 	 4.48433e+16 	 283030 	 0 	 0 	 0 	 2.52144e+20 	 0
4.151 	 1344.95 	 6.95168e+22 	 4.48433e+16 	 0 	 4.48433e+16 	 4.48433e+16 	 281869 	 0 	 0 	 0 	 2.52144e+20 	 0
4.161 	 1344.68 	 6.95168e+22 	 4.48433e+16 	 0 	 4.48433e+16 	 4.48433e+16 	 280754 	 0 	 0 	 0 	 2.52144e+20 	 0
4.171 	 1344.42 	 6.95168e+22 	 4.48433e+16 	 0 	 4.48433e+16 	 4.48433e+16 	 279190 	 0 	 0 	 0 	 2.52144e+20 	 0
4.181 	 1344.16 	 6.95168e+22 	 4.48433e+16 	 0 	 4.48433e+16 	 4.48433e+16 	 277631 	 0 	 0 	 0 	 2.52144e+20 	 0
4.191 	 1343.9 	 6.95168e+22 	 4.48433e+16 	 0 	 4.48433e+16 	 4.48433e+16 	 276391 	 0 	 0 	 0 	 2.52144e+20 	 0
4.201 	 1343.64 	 6.95168e+22 	 4.48433e+16 	 0 	 4.48433e+16 	 4.48433e+16 	 275269 	 0 	 0 	 0 	 2.52144e+20 	 0
4.211 	 1343.38 	 6.95168e+22 	 4.48433e+16 	 0 	 4.48433e+16 	 4.48433e+16 	 274193 	 0 	 0 	 0 	 2.52144e+20 	 0
4.221 	 1343.12 	 6.95168e+22 	 4.48433e+16 	 0 	 4.48433e+16 	 4.48433e+16 	 273137 	 0 	 0 	 0 	 2.52144e+20 	 0
4.231 	 1342.86 	 6.95168e+22 	 4.48433e+16 	 0 	 4.48433e+16 	 4.48433e+16 	 271634 	 0 	 0 	 0 	 2.52144e+20 	 0
4.241 	 1342.61 	 6.95168e+22 	 4.48433e+16 	 0 	 4.48433e+16 	 4.48433e+16 	 270132 	 0 	 0 	 0 	 2.52144e+20 	 0
4.251 	 1342.35 	 6.95168e+22 	 4.48433e+16 	 0 	 4.48433e+16 	 4.48433e+16 	 268939 	 0 	 0 	 0 	 2.52144e+20 	 0
4.261 	 1342.09 	 6.95168e+22 	 4.48433e+16 	 0 	 4.48433e+16 	 4.48433e+16 	 190573 	 0 	 0 	 0 	 2.52144e+20 	 0
4.271 	 1341.84 	 6.95168e+22 	 4.48433e+16 	 0 	 4.48433e+16 	 4.48433e+16 	 189108 	 0 	 0 	 0 	 2.52144e+20 	 0
4.281 	 1341.59 	 6.95168e+22 	 4.48433e+16 	 0 	 4.48433e+16 	 4.48433e+16 	 187352 	 0 	 0 	 0 	 2.52144e+20 	 0
4.291 	 1341.33 	 6.95168e+22 	 4.48433e+16 	 0 	 4.48433e+16 	 4.48433e+16 	 312773 	 0 	 0 	 0 	 2.52144e+20 	 0
4.301 	 1341.08 	 6.95168e+22 	 4.48433e+16 	 0 	 4.48433e+16 	 4.48433e+16 	 309898 	 0 	 0 	 0 	 2.52144e+20 	 0
4.311 	 1340.83 	 6.95168e+22 	 4.48433e+16 	 0 	 4.48433e+16 	 4.48433e+16 	 307181 	 0 	 0 	 0 	 2.52144e+20 	 0
4.321 	 1340.58 	 6.95168e+22 	 4.48433e+16 	 0 	 4.48433e+16 	 4.48433e+16 	 304540 	 0 	 0 	 0 	 2.52144e+20 	 0
4.331 	 1340.33 	 6.95168e+22 	 4.48433e+16 	 0 	 4.48433e+16 	 4.48433e+16 	 301993 	 0 	 0 	 0 	 2.52144e+20 	 0
4.341 	 1340.08 	 6.95168e+22 	 4.48433e+16 	 0 	 4.48433e+16 	 4.48433e+16 	 298927 	 0 	 0 	 0 	 2.52144e+20 	 0
4.351 	 1339.83 	 6.95168e+22 	 4.48433e+16 	 0 	 4.48433e+16 	 4.48433e+16 	 295793 	 0 	 0 	 0 	 2.52144e+20 	 0
4.361 	 1339.58 	 6.95168e+22 	 4.48433e+16 	 0 	 4.48433e+16 	 4.48433e+16 	 293121 	 0 	 0 	 0 	 2.52144e+20 	 0
4.371 	 1339.34 	 6.95168e+22 	 4.48433e+16 	 0 	 4.48433e+16 	 4.48433e+16 	 290598 	 0 	 0 	 0 	 2.52144e+20 	 0
4.381 	 1339.09 	 6.95168e+22 	 4.48433e+16 	 0 	 4.48433e+16 	 4.48433e+16 	 288192 	 0 	 0 	 0 	 2.52144e+20 	 0
4.391 	 1338.84 	 6.95168e+22 	 4.48433e+16 	 0 	 4.48433e+16 	 4.48433e+16 	 285346 	 0 	 0 	 0 	 2.52144e+20 	 0
4.401 	 1338.6 	 6.95168e+22 	 4.48433e+16 	 0 	 4.48433e+16 	 4.48433e+16 	 282391 	 0 	 0 	 0 	 2.52144e+20 	 0
4.411 	 1338.36 	 6.95168e+22 	 4.48433e+16 	 0 	 4.48433e+16 	 4.48433e+16 	 279878 	 0 	 0 	 0 	 2.52144e+20 	 0
4.421 	 1338.11 	 6.95168e+22 	 4.48433e+16 	 0 	 4.48433e+16 	 4.48433e+16 	 277550 	 0 	 0 	 0 	 2.52144e+20 	 0
4.431 	 1337.87 	 6.95168e+22 	 4.48433e+16 	 0 	 4.48433e+16 	 4.48433e+16 	 275288 	 0 	 0 	 0 	 2.52144e+20 	 0
4.441 	 1337.63 	 6.95168e+22 	 4.48433e+16 	 0 	 4.48433e+16 	 4.48433e+16 	 273107 	 0 	 0 	 0 	 2.52144e+20 	 0
4.451 	 1337.38 	 6.95168e+22 	 4.48433e+16 	 0 	 4.48433e+16 	 4.48433e+16 	 270455 	 0 	 0 	 0 	 2.52144e+20 	 0
4.461 	 1337.14 	 6.95168e+22 	 4.48433e+16 	 0 	 4.48433e+16 	 4.48433e+16 	 267740 	 0 	 0 	 0 	 2.52144e+20 	 0
4.471 	 1336.91 	 6.95168e+22 	 4.48433e+16 	 0 	 4.48433e+16 	 4.48433e+16 	 265397 	 0 	 0 	 0 	 2.52144e+20 	 0
4.481 	 1336.67 	 6.95168e+22 	 4.48433e+16 	 0 	 4.48433e+16 	 4.48433e+16 	 263269 	 0 	 0 	 0 	 2.52144e+20 	 0
4.491 	 1336.43 	 6.95168e+22 	 4.48433e+16 	 0 	 4.48433e+16 	 4.48433e+16 	 261160 	 0 	 0 	 0 	 2.52144e+20 	 0
4.501 	 1336.19 	 6.95168e+22 	 4.48433e+16 	 0 	 4.48433e+16 	 4.48433e+16 	 258691 	 0 	 0 	 0 	 2.52144e+20 	 0
4.511 	 1335.95 	 6.95168e+22 	 4.48433e+16 	 0 	 4.48433e+16 	 4.48433e+16 	 256125 	 0 	 0 	 0 	 2.52144e+20 	 0
4.521 	 1335.72 	 6.95168e+22 	 4.48433e+16 	 0 	 4.48433e+16 	 4.48433e+16 	 253954 	 0 	 0 	 0 	 2.52144e+20 	 0
4.531 	 1335.48 	 6.95168e+22 	 4.48433e+16 	 0 	 4.48433e+16 	 4.48433e+16 	 251947 	 0 	 0 	 0 	 2.52144e+20 	 0
4.541 	 1335.25 	 6.95168e+22 	 4.48433e+16 	 0 	 4.48433e+16 	 4.48433e+16 	 249997 	 0 	 0 	 0 	 2.52144e+20 	 0
4.551 	 1335.01 	 6.95168e+22 	 4.48433e+16 	 0 	 4.48433e+16 	 4.48433e+16 	 248080 	 0 	 0 	 0 	 2.52144e+20 	 0
4.561 	 1334.78 	 6.95168e+22 	 4.48433e+16 	 0 	 4.48433e+16 	 4.48433e+16 	 245771 	 0 	 0 	 0 	 2.52144e+20 	 0
4.571 	 1334.55 	 6.95168e+22 	 4.48433e+16 	 0 	 4.48433e+16 	 4.48433e+16 	 244478 	 0 	 0 	 0 	 2.52144e+20 	 0
