Title: Allan et al. 1989 (see Ghiorso 1997)

Liquid Composition:
Pressure Temperature mass SiO2 TiO2 Al2O3 Fe2O3 Cr2O3 FeO MgO CaO Na2O K2O P2O5 H2O 
99995.30 2079.00 6.431791 56.8925 2.1819 0.56498 0.000810847 1.33173e-05 0.00482213 0.15034 4.58562 31.9999 0.466433 0.0431498 3.10955
99697.60 2078.49 6.477832 56.9829 2.22802 0.563531 0.000859761 1.41021e-05 0.00514668 0.153053 4.63449 31.8379 0.463118 0.0435522 3.08745
99399.90 2077.98 6.524650 57.0726 2.27504 0.56214 0.000911281 1.49331e-05 0.00549101 0.155817 4.68409 31.6748 0.459795 0.0439627 3.0653
99102.20 2077.47 6.572263 57.1617 2.32298 0.560807 0.000965524 1.58131e-05 0.0058562 0.158631 4.73445 31.5107 0.456464 0.0443817 3.04309
98804.60 2076.96 6.620664 57.2499 2.37186 0.559535 0.00102259 1.67448e-05 0.0062432 0.161496 4.78555 31.3456 0.453127 0.0448092 3.02085
98506.90 2076.45 6.669927 57.3373 2.42173 0.558324 0.00108265 1.77319e-05 0.00665348 0.164416 4.83749 31.1794 0.44978 0.0452458 2.99853
98209.30 2075.94 6.720022 57.4239 2.47258 0.557178 0.00114579 1.8777e-05 0.00708796 0.16739 4.89022 31.0122 0.446427 0.0456914 2.97618
97911.70 2075.43 6.770996 57.5097 2.52447 0.556097 0.00121216 1.98841e-05 0.00754806 0.17042 4.9438 30.8438 0.443066 0.0461466 2.95378
97614.10 2074.92 6.822875 57.5945 2.57741 0.555083 0.00128191 2.1057e-05 0.00803513 0.173508 4.99825 30.6743 0.439697 0.0466115 2.93132
97316.50 2074.40 6.875094 57.6783 2.63141 0.554189 0.00135491 2.23006e-05 0.00854899 0.176624 5.05303 30.504 0.436358 0.0470834 2.90905
97018.90 2073.89 6.928860 57.7612 2.68656 0.553313 0.00143183 2.36175e-05 0.00909415 0.179833 5.10931 30.3322 0.432972 0.0475687 2.88648
96721.40 2073.38 6.983581 57.8431 2.74284 0.552511 0.00151255 2.50126e-05 0.00967042 0.183103 5.16652 30.1592 0.429579 0.0480645 2.86386
96423.80 2072.87 7.039343 57.9239 2.80033 0.551782 0.00159728 2.64917e-05 0.0102798 0.18644 5.22475 29.985 0.426176 0.0485716 2.84117
96126.30 2072.36 7.096119 58.0036 2.85902 0.551129 0.00168611 2.80592e-05 0.0109236 0.189842 5.28397 29.8095 0.422766 0.0490898 2.81844
95828.80 2071.85 7.153970 58.0821 2.91897 0.550554 0.00177926 2.97211e-05 0.0116036 0.193312 5.34425 29.6328 0.419348 0.0496198 2.79565
95531.30 2071.34 7.212931 58.1593 2.98022 0.550057 0.0018769 3.14833e-05 0.0123218 0.196853 5.40562 29.4548 0.41592 0.050162 2.7728
95233.80 2070.83 7.273038 58.2354 3.04282 0.549642 0.00197921 3.33524e-05 0.0130799 0.200467 5.46812 29.2754 0.412482 0.0507167 2.74988
94936.30 2070.31 7.333745 58.3101 3.10677 0.549356 0.00208597 3.53361e-05 0.0138775 0.20412 5.53115 29.095 0.409068 0.0512808 2.72712
94638.90 2069.80 7.396227 58.3834 3.17218 0.549108 0.00219811 3.7439e-05 0.0147211 0.207884 5.59598 28.9129 0.405612 0.0518615 2.70408
94341.50 2069.29 7.459975 58.4553 3.23907 0.548946 0.00231548 3.96706e-05 0.0156108 0.211729 5.66206 28.7294 0.402146 0.0524561 2.68097
94044.10 2068.78 7.525032 58.5256 3.3075 0.548871 0.00243829 4.20394e-05 0.0165488 0.215655 5.72944 28.5444 0.398669 0.053065 2.6578
93746.70 2068.27 7.591448 58.5944 3.37753 0.548886 0.00256674 4.45543e-05 0.0175375 0.219668 5.79815 28.3578 0.395182 0.0536888 2.63454
93449.30 2067.76 7.659272 58.6616 3.44922 0.548991 0.00270105 4.72252e-05 0.0185791 0.223768 5.86825 28.1696 0.391682 0.0543279 2.61121
93151.90 2067.24 7.727975 58.7271 3.52259 0.549236 0.00284093 5.00636e-05 0.019673 0.227919 5.93914 27.9803 0.3882 0.0549789 2.588
92854.60 2066.73 7.798747 58.7908 3.59776 0.549529 0.00298755 5.30774e-05 0.0208277 0.232203 6.01214 27.7889 0.384677 0.0556501 2.56451
92557.20 2066.22 7.871132 58.8526 3.67483 0.549917 0.00314076 5.6282e-05 0.0220438 0.236586 6.08674 27.5957 0.38114 0.0563387 2.54093
92259.90 2065.71 7.945128 58.9124 3.75381 0.550404 0.00330068 5.96883e-05 0.0233231 0.241068 6.16293 27.4008 0.37759 0.0570448 2.51727
91962.60 2065.20 8.020838 58.9702 3.83481 0.550989 0.00346762 6.33114e-05 0.0246691 0.245656 6.2408 27.204 0.374026 0.0577693 2.49351
91665.30 2064.68 8.097750 59.026 3.91787 0.55172 0.00364119 6.71675e-05 0.0260804 0.250309 6.31972 27.0058 0.370473 0.0585087 2.46982
91368.00 2064.17 8.177116 59.0794 4.0032 0.552507 0.0038229 7.12714e-05 0.0275688 0.255118 6.40118 26.8051 0.366878 0.0592723 2.44585
91070.80 2063.66 8.258399 59.1305 4.0908 0.553397 0.00401232 7.56403e-05 0.0291328 0.260043 6.4845 26.6025 0.363267 0.0600565 2.42178
90773.50 2063.15 8.341766 59.1791 4.18086 0.554391 0.00420989 8.02968e-05 0.0307772 0.265093 6.56987 26.3976 0.359636 0.0608627 2.39757
90476.30 2062.64 8.427240 59.225 4.27343 0.555491 0.00441572 8.52589e-05 0.0325043 0.270268 6.65728 26.1906 0.355988 0.0616911 2.37326
90179.10 2062.12 8.514368 59.2685 4.36858 0.556742 0.00462938 9.05514e-05 0.0343129 0.275529 6.74615 25.9816 0.352346 0.0625384 2.34897
89881.90 2061.61 8.604460 59.3088 4.46662 0.558055 0.00485272 9.61989e-05 0.0362179 0.280976 6.83804 25.7699 0.348656 0.0634151 2.32438
89584.70 2061.10 8.697047 59.3462 4.56762 0.559476 0.00508528 0.000102229 0.0382181 0.286568 6.93234 25.5555 0.344945 0.0643178 2.29963
89287.60 2060.59 8.792222 59.3803 4.6717 0.561006 0.00532729 0.00010867 0.040317 0.29231 7.02913 25.3386 0.341211 0.0652471 2.27474
88990.40 2060.08 8.890220 59.411 4.77913 0.562644 0.00557923 0.00011556 0.0425206 0.298214 7.12863 25.1188 0.337449 0.0662054 2.24966
88693.30 2059.56 8.990498 59.4384 4.8899 0.564437 0.00584027 0.000122929 0.0448249 0.304231 7.2301 24.8967 0.333686 0.0671877 2.22457
88396.20 2059.05 9.094512 59.4617 5.00449 0.566292 0.00611276 0.000130821 0.0472495 0.310474 7.33532 24.671 0.329869 0.0682069 2.19913
88099.10 2058.54 9.201842 59.4809 5.12303 0.568257 0.0063961 0.00013928 0.0497928 0.316903 7.44369 24.4421 0.326022 0.0692593 2.17348
87802.00 2058.03 9.312707 59.4959 5.24578 0.570328 0.00669064 0.000148356 0.0524602 0.323526 7.55539 24.2097 0.32214 0.0703467 2.1476
87505.00 2057.51 9.426647 59.5065 5.37283 0.572553 0.00699548 0.000158097 0.0552475 0.330297 7.66973 23.9743 0.318247 0.0714649 2.12165
87207.90 2057.00 9.545641 59.5375 5.47178 0.574397 0.00732119 0.000167861 0.0582086 0.337498 7.77839 23.7527 0.31428 0.0725135 2.0952
86910.90 2056.49 9.667533 59.5808 5.55315 0.576125 0.0076642 0.000177817 0.0613262 0.344967 7.88321 23.54 0.310317 0.0735221 2.06878
86613.90 2055.97 9.791210 59.6249 5.63212 0.57801 0.00802016 0.000188301 0.0645827 0.352567 7.98799 23.3281 0.306397 0.0745382 2.04265
86316.80 2055.46 9.917992 59.6688 5.70939 0.579973 0.00839205 0.000199357 0.0680042 0.360414 8.09458 23.1157 0.302481 0.0755764 2.01654
86019.90 2054.95 10.046980 59.7132 5.78409 0.582061 0.00877873 0.000210982 0.0715827 0.36844 8.20171 22.904 0.298597 0.0766272 1.99065
85722.90 2054.44 10.178250 59.7585 5.85605 0.584282 0.00918109 0.000223206 0.0753278 0.376654 8.30938 22.693 0.294746 0.0776914 1.96497
85425.90 2053.92 10.310950 59.8054 5.92454 0.586684 0.00959797 0.000236028 0.0792317 0.384986 8.41639 22.4835 0.290953 0.07876 1.93969
85129.00 2053.41 10.446315 59.8529 5.99013 0.58919 0.0100325 0.000249487 0.0833218 0.393554 8.52452 22.2745 0.287183 0.0798472 1.91455
84832.10 2052.90 10.583598 59.9018 6.05219 0.591849 0.0104839 0.000263589 0.0875934 0.402294 8.63266 22.0668 0.283457 0.0809451 1.88972
84535.20 2052.38 10.721964 59.9528 6.11013 0.594714 0.0109508 0.000278334 0.0920382 0.411137 8.73964 21.8611 0.279799 0.0820448 1.86533
84238.30 2051.87 10.862740 60.005 6.16454 0.597705 0.0114371 0.000293769 0.0966886 0.420209 8.84734 21.6563 0.276173 0.0831617 1.84116
83941.40 2051.36 11.005099 60.059 6.21487 0.600873 0.0119414 0.000309891 0.101537 0.429438 8.95458 21.4532 0.272601 0.0842872 1.81734
83644.50 2050.84 11.148200 60.1156 6.26068 0.604271 0.0124624 0.000326699 0.106571 0.438748 9.06021 21.2526 0.269102 0.0854125 1.79401
83347.70 2050.33 11.293350 60.1737 6.30252 0.607818 0.0130038 0.000344234 0.111827 0.44827 9.16609 21.0533 0.265643 0.0865529 1.77095
83050.90 2049.82 11.439787 60.234 6.34003 0.611565 0.0135644 0.000362499 0.117296 0.457931 9.27113 20.8559 0.262243 0.0877004 1.74828
82754.10 2049.30 11.586692 60.297 6.37292 0.615567 0.0141425 0.000381493 0.122965 0.467652 9.37423 20.6612 0.258918 0.0888463 1.72612
82457.30 2048.79 11.735480 60.3618 6.40174 0.619739 0.0147425 0.000401266 0.128874 0.477575 9.47732 20.4679 0.255635 0.090007 1.70423
82160.50 2048.28 11.885358 60.4288 6.42625 0.624134 0.0153628 0.000421818 0.135012 0.487621 9.57931 20.2768 0.252411 0.0911741 1.68274
81863.70 2047.76 12.035540 60.4985 6.44632 0.628804 0.0160013 0.000443147 0.141362 0.497709 9.67916 20.0883 0.249262 0.0923389 1.66175
81567.00 2047.25 12.187425 60.57 6.46243 0.633664 0.0166628 0.000465302 0.147967 0.507983 9.77876 19.9014 0.246155 0.093518 1.64104
81270.20 2046.74 12.340383 60.6437 6.47449 0.638767 0.0173457 0.000488299 0.154817 0.518372 9.87719 19.7164 0.243104 0.0947041 1.6207
80973.50 2046.22 12.493540 60.7198 6.48247 0.644161 0.0180474 0.000512124 0.16189 0.528785 9.97333 19.5341 0.240124 0.0958877 1.60083
80676.80 2045.71 12.648464 60.7976 6.48679 0.649763 0.0187734 0.000536848 0.169238 0.539382 10.0692 19.3532 0.237183 0.0970867 1.58122
80380.10 2045.20 12.804433 60.8774 6.48745 0.655623 0.0195215 0.000562475 0.176843 0.550082 10.1639 19.1741 0.234294 0.0982929 1.56196
80083.50 2044.68 12.960669 60.9594 6.48451 0.66179 0.0202889 0.000589002 0.184683 0.560797 10.2562 18.9976 0.23147 0.0994973 1.54313
79786.80 2044.17 13.118840 61.0428 6.4783 0.66818 0.0210822 0.000616514 0.192819 0.5717 10.3484 18.8221 0.228679 0.100719 1.52453
79490.20 2043.65 13.277375 61.1283 6.46883 0.674886 0.021895 0.000644983 0.201197 0.582614 10.4384 18.649 0.225948 0.101939 1.50632
79193.60 2043.14 13.437893 61.2149 6.45636 0.681823 0.0227342 0.000674487 0.209879 0.593712 10.5282 18.4769 0.223249 0.103178 1.48833
78897.00 2042.63 13.599716 61.303 6.44098 0.689041 0.0235969 0.00070504 0.218845 0.604912 10.6169 18.3064 0.220593 0.104425 1.47062
78600.40 2042.11 13.762171 61.3929 6.42283 0.696587 0.0244802 0.000736657 0.228069 0.616128 10.7035 18.1378 0.217989 0.105673 1.45326
78303.80 2041.60 13.926834 61.4837 6.40209 0.704378 0.0253908 0.000769411 0.237616 0.627533 10.79 17.9701 0.215411 0.106941 1.43608
78007.20 2041.08 14.092294 61.576 6.37887 0.712506 0.0263223 0.000803302 0.247429 0.638957 10.8746 17.8042 0.212882 0.10821 1.41922
77710.70 2040.57 14.260069 61.669 6.35332 0.720885 0.0272815 0.000838396 0.257574 0.65057 10.9591 17.6391 0.210378 0.1095 1.40252
77414.20 2040.06 14.429575 61.7629 6.32555 0.729564 0.0282657 0.000874726 0.268027 0.662295 11.0427 17.4751 0.207906 0.110801 1.38604
77117.70 2039.54 14.600154 61.8582 6.29573 0.738592 0.0292711 0.000912314 0.278759 0.674041 11.1244 17.3127 0.205477 0.112105 1.36985
76821.20 2039.03 14.773418 61.9538 6.2639 0.747885 0.0303057 0.000951245 0.289845 0.685995 11.2063 17.1508 0.203067 0.113432 1.35378
76524.70 2038.51 14.947958 62.0505 6.23027 0.757534 0.0313619 0.000991525 0.301218 0.697975 11.2864 16.9903 0.200696 0.114763 1.33798
76228.30 2038.00 15.125329 62.1475 6.19483 0.767454 0.0324476 0.00103323 0.312952 0.710165 11.3666 16.8303 0.198343 0.116116 1.32229
75931.80 2037.48 15.304262 62.2454 6.1578 0.777742 0.0335554 0.00107639 0.324986 0.722393 11.4453 16.6715 0.196024 0.117476 1.30683
75635.40 2036.97 15.486258 62.3434 6.11915 0.788308 0.0346934 0.00112108 0.337393 0.734841 11.5241 16.513 0.19372 0.11886 1.29147
75339.00 2036.46 15.670745 62.4418 6.07901 0.799204 0.0358579 0.00116734 0.350146 0.747424 11.6023 16.3552 0.19144 0.120259 1.27626
75042.60 2035.94 15.857061 62.5408 6.03758 0.810478 0.0370444 0.00121521 0.363204 0.76005 11.6789 16.1986 0.18919 0.121665 1.26127
74746.20 2035.43 16.046892 62.6398 5.99474 0.822046 0.0382624 0.00126479 0.376659 0.772917 11.7559 16.042 0.186952 0.123097 1.24635
74449.80 2034.91 16.238794 62.7392 5.95077 0.834002 0.0395027 0.00131609 0.390428 0.785834 11.8315 15.8865 0.184743 0.124537 1.23162
74153.50 2034.40 16.434401 62.8385 5.90554 0.846257 0.0407745 0.00136921 0.404602 0.798998 11.9074 15.7311 0.182544 0.126005 1.21696
73857.10 2033.88 16.632414 62.9382 5.85931 0.858913 0.0420691 0.00142419 0.4191 0.812227 11.9819 15.5765 0.180371 0.127481 1.20247
73560.80 2033.37 16.834415 63.0375 5.81192 0.871877 0.0433958 0.00148112 0.434016 0.825716 12.0569 15.4219 0.178206 0.128986 1.18804
73264.50 2032.85 17.039008 63.1371 5.76369 0.885247 0.0447448 0.00154004 0.449257 0.839272 12.1305 15.2682 0.176067 0.130499 1.17378
72968.30 2032.34 17.247889 63.2363 5.71441 0.898936 0.0461264 0.00160105 0.464927 0.853102 12.2046 15.1144 0.173934 0.132043 1.15956
72672.00 2031.82 17.459731 63.3357 5.66437 0.913044 0.0475309 0.00166421 0.480935 0.867015 12.2775 14.9613 0.171824 0.133598 1.14549
72375.70 2031.31 17.676270 63.4346 5.61336 0.927483 0.0489691 0.00172964 0.49739 0.881223 12.3509 14.8081 0.169719 0.135184 1.13146
72079.50 2030.79 17.895897 63.5335 5.56173 0.942345 0.0504288 0.00179733 0.514176 0.895511 12.423 14.6555 0.167636 0.13678 1.11757
71783.30 2030.28 18.120566 63.6318 5.50921 0.957547 0.0519228 0.00186746 0.531421 0.910111 12.4957 14.5027 0.165558 0.13841 1.10372
71487.10 2029.76 18.348729 63.7301 5.45614 0.973185 0.0534387 0.00194004 0.549009 0.924809 12.5672 14.3506 0.163499 0.140051 1.08999
71190.90 2029.25 18.582307 63.8277 5.40225 0.989175 0.0549893 0.00201524 0.567066 0.939835 12.6393 14.1982 0.161444 0.141727 1.07629
70894.70 2028.73 18.819722 63.9252 5.34789 1.00561 0.0565617 0.00209308 0.585472 0.954971 12.7103 14.0463 0.159407 0.143416 1.06271
70598.60 2028.22 19.062854 64.022 5.2928 1.0224 0.0581684 0.00217369 0.604351 0.970447 12.7819 13.8942 0.157374 0.145139 1.04916
70302.40 2027.70 19.221941 64.1292 5.25242 1.0547 0.0591444 0.0022499 0.616638 0.971632 12.7845 13.7863 0.156072 0.146651 1.04048
70006.30 2027.19 19.351863 64.2391 5.2172 1.09397 0.0598843 0.00232579 0.626481 0.967652 12.763 13.6938 0.155024 0.148107 1.03349
69710.20 2026.67 19.485124 64.348 5.18156 1.13462 0.0606261 0.00240414 0.636417 0.963892 12.7424 13.6001 0.153964 0.149575 1.02642
69414.10 2026.15 19.621918 64.4557 5.14548 1.17677 0.0613704 0.00248499 0.64645 0.960331 12.7229 13.5053 0.15289 0.151062 1.01927
69118.00 2025.64 19.762465 64.5619 5.10892 1.22058 0.0621182 0.0025684 0.656586 0.956954 12.7047 13.4093 0.151803 0.15258 1.01202
68822.00 2025.12 19.906700 64.6671 5.07195 1.26583 0.0628683 0.0026545 0.666825 0.95381 12.6874 13.3121 0.150703 0.154109 1.00469
68525.90 2024.61 20.055041 64.7707 5.03447 1.31281 0.0636228 0.00274335 0.67718 0.950857 12.6714 13.2136 0.149588 0.155669 0.997256
68229.90 2024.09 20.207360 64.8732 4.99655 1.36126 0.0643801 0.00283507 0.687647 0.948144 12.6565 13.114 0.148461 0.157241 0.989738
67933.90 2023.58 20.364064 64.9742 4.95814 1.41149 0.0651422 0.00292971 0.698239 0.945635 12.6429 13.0131 0.147318 0.158845 0.982122
67637.90 2023.06 20.525113 65.0739 4.91927 1.46325 0.065908 0.00302744 0.708954 0.943371 12.6302 12.911 0.146162 0.160461 0.974416
67341.90 2022.54 20.690782 65.1723 4.87991 1.5167 0.0666786 0.00312832 0.719803 0.941337 12.6188 12.8076 0.144992 0.162099 0.966614
67046.00 2022.03 20.861321 65.2689 4.84005 1.57197 0.0674547 0.0032324 0.730791 0.939523 12.6088 12.7029 0.143807 0.163771 0.958712
66750.00 2021.51 21.036790 65.3644 4.79971 1.62884 0.0682358 0.00333993 0.741922 0.937963 12.5998 12.597 0.142607 0.165456 0.950715
66454.10 2021.00 21.217527 65.4581 4.75886 1.68757 0.0690233 0.00345088 0.753207 0.936633 12.5923 12.4897 0.141393 0.167174 0.942617
66158.20 2020.48 21.403521 65.5506 4.71754 1.7479 0.0698161 0.00356547 0.764643 0.935564 12.5857 12.3811 0.140164 0.168907 0.934426
65862.30 2019.96 21.595122 65.6415 4.67571 1.81 0.0706154 0.00368381 0.776243 0.934747 12.5804 12.2713 0.13892 0.170664 0.926135
65566.40 2019.45 21.792723 65.7307 4.63334 1.87403 0.0714227 0.00380597 0.78802 0.934173 12.5766 12.16 0.137661 0.172457 0.917738
65270.50 2018.93 21.996228 65.8186 4.5905 1.93968 0.0722362 0.00393217 0.799967 0.933871 12.5738 12.0475 0.136387 0.174264 0.909247
64974.70 2018.42 22.206156 65.9047 4.54713 2.00726 0.0730583 0.00406243 0.812103 0.933823 12.5724 11.9336 0.135098 0.176108 0.900651
64678.90 2017.90 22.422466 65.9895 4.50329 2.07646 0.0738873 0.004197 0.824422 0.934055 12.572 11.8185 0.133794 0.177967 0.891963
64383.10 2017.38 22.645606 66.0727 4.45894 2.14745 0.0747249 0.004336 0.83694 0.934559 12.5728 11.702 0.132476 0.179852 0.883174
64087.30 2016.87 22.876074 66.154 4.41404 2.22042 0.0755726 0.00447956 0.849675 0.935332 12.5751 11.5842 0.131141 0.181776 0.874276
63791.50 2016.35 23.113736 66.2341 4.36868 2.295 0.0764285 0.00462789 0.862615 0.936397 12.5783 11.465 0.129793 0.183717 0.865286
63495.70 2015.83 23.359109 66.3125 4.32281 2.37137 0.0772942 0.00478114 0.875777 0.937749 12.5828 11.3446 0.12843 0.185686 0.856197
63200.00 2015.32 23.612679 66.3891 4.27642 2.44969 0.0781712 0.00493939 0.889179 0.939387 12.5886 11.2228 0.12705 0.187693 0.847003
62904.20 2014.80 23.874468 66.4644 4.22955 2.52962 0.0790579 0.00510299 0.902814 0.941329 12.5953 11.0997 0.125657 0.18972 0.837715
62608.50 2014.28 24.144888 66.5381 4.1822 2.61128 0.0799554 0.00527198 0.916693 0.943574 12.6031 10.9754 0.12425 0.191775 0.828333
62312.80 2013.77 24.424700 66.61 4.1343 2.69491 0.0808662 0.0054466 0.930847 0.946126 12.6123 10.8497 0.122826 0.193872 0.818843
62017.10 2013.25 24.713720 66.6806 4.08598 2.78006 0.0817877 0.00562707 0.945254 0.948997 12.6223 10.7228 0.12139 0.195989 0.809267
61721.50 2012.73 25.012536 66.7496 4.03718 2.86691 0.0827216 0.00581353 0.959936 0.952189 12.6333 10.5947 0.11994 0.198136 0.799599
61425.80 2012.22 25.322137 66.8168 3.98784 2.95572 0.083671 0.0060063 0.974931 0.955711 12.6455 10.4652 0.118473 0.200327 0.789823
61130.20 2011.70 25.642095 66.8828 3.9381 3.04595 0.0846323 0.00620549 0.990205 0.959569 12.6585 10.3346 0.116995 0.202538 0.779967
60834.50 2011.18 25.973446 66.9472 3.88788 3.13788 0.0856084 0.00641147 1.0058 0.963774 12.6724 10.2027 0.115503 0.204783 0.770017
60538.90 2010.67 26.316855 67.0098 3.83716 3.23164 0.0866014 0.00662432 1.02173 0.968332 12.6874 10.0696 0.113995 0.207073 0.759969
60243.40 2010.15 26.672077 67.0713 3.78607 3.32674 0.087608 0.00684429 1.03798 0.97325 12.703 9.93548 0.112477 0.209385 0.749848
59947.80 2009.63 27.040309 67.1313 3.73453 3.42344 0.0886317 0.00707179 1.05459 0.978542 12.7194 9.80018 0.110945 0.211732 0.739637
59652.20 2009.11 27.422019 67.1899 3.68256 3.52169 0.0896728 0.007307 1.07157 0.984216 12.7365 9.66377 0.109401 0.214115 0.729341
59356.70 2008.60 27.770432 67.2509 3.63637 3.61111 0.0909114 0.00751613 1.08982 0.991046 12.7497 9.54252 0.108029 0.216067 0.705987
59061.20 2008.08 28.019877 67.3199 3.60401 3.67759 0.0925632 0.0076538 1.11028 0.999826 12.7527 9.45757 0.107067 0.216959 0.653927
58765.70 2007.56 28.296087 67.3855 3.56884 3.74932 0.0941566 0.00780948 1.13064 1.00848 12.758 9.36525 0.106022 0.218079 0.60789
58470.20 2007.05 28.598387 67.4476 3.53112 3.82606 0.0957039 0.00798204 1.151 1.01711 12.7658 9.26626 0.104901 0.219411 0.566989
58174.70 2006.53 28.884913 67.4851 3.4961 3.90398 0.0975201 0.00815888 1.17417 1.02748 12.7775 9.17434 0.10386 0.22094 0.530793
57879.20 2006.01 28.979389 67.4048 3.4847 3.97021 0.100975 0.00828574 1.21248 1.04697 12.8019 9.14443 0.103522 0.22274 0.498962
57583.80 2005.49 29.080742 67.317 3.47255 4.03951 0.104538 0.0084215 1.25207 1.06697 12.828 9.11256 0.103161 0.224686 0.470554
57288.40 2004.98 29.189059 67.2219 3.45966 4.11198 0.108217 0.00856564 1.293 1.08751 12.8558 9.07874 0.102778 0.226776 0.445088
56993.00 2004.46 29.303430 67.1207 3.44616 4.18702 0.112004 0.00871807 1.33519 1.10856 12.8846 9.04331 0.102377 0.228978 0.422328
56697.60 2003.94 29.424013 67.0135 3.43203 4.26472 0.115903 0.0088784 1.37868 1.13013 12.9147 9.00625 0.101958 0.231295 0.401912
56402.20 2003.42 29.550677 66.9006 3.41732 4.34499 0.119916 0.00904642 1.42349 1.15224 12.9459 8.96765 0.101521 0.233719 0.383579
56106.80 2002.90 29.683333 66.7824 3.40204 4.42773 0.124043 0.00922198 1.46963 1.17489 12.9781 8.92757 0.101067 0.236242 0.367103
55811.50 2002.39 29.822280 66.6588 3.38619 4.51309 0.128289 0.00940486 1.51712 1.1981 13.0113 8.88597 0.100596 0.238873 0.352257
55516.20 2001.87 29.966745 66.5306 3.36986 4.60054 0.132645 0.0095952 1.56591 1.22184 13.0452 8.84314 0.100111 0.241581 0.338945
55220.90 2001.35 30.117129 66.3979 3.35303 4.69029 0.137118 0.0097929 1.61604 1.24615 13.0798 8.79898 0.0996111 0.244376 0.326978
54925.60 2000.83 30.273462 66.2606 3.33571 4.78227 0.141708 0.00999797 1.66754 1.27103 13.115 8.75354 0.0990967 0.247254 0.316226
54630.30 2000.32 30.436257 66.1185 3.31787 4.87673 0.146421 0.0102104 1.72047 1.29653 13.1512 8.70672 0.0985667 0.250226 0.306547
54335.00 1999.80 30.604688 65.9727 3.29961 4.97312 0.151247 0.0104304 1.77472 1.3226 13.1876 8.6588 0.0980242 0.253262 0.297906
54039.80 1999.28 30.779228 65.8227 3.2809 5.07162 0.15619 0.0106579 1.83034 1.34928 13.2246 8.6097 0.0974683 0.256374 0.290187
53744.60 1998.76 30.959113 65.6705 3.26183 5.1723 0.161253 0.0108928 1.88745 1.37659 13.2609 8.55968 0.096902 0.258405 0.283312
53449.30 1998.24 31.142492 65.5199 3.24262 5.27529 0.166442 0.0111352 1.94624 1.40453 13.2941 8.50927 0.0963314 0.256884 0.277221
53154.20 1997.72 31.332138 65.3656 3.223 5.38034 0.171746 0.0113853 2.00643 1.43311 13.3277 8.45777 0.0957483 0.255329 0.271851
52859.00 1997.21 31.528957 65.2072 3.20288 5.48784 0.177179 0.0116436 2.06818 1.46241 13.3617 8.40497 0.0951506 0.253735 0.267118
52563.80 1996.69 31.732020 65.0455 3.18238 5.59719 0.182724 0.0119102 2.13133 1.49238 13.3958 8.35119 0.0945417 0.252111 0.26303
52268.70 1996.17 31.941953 64.8802 3.16146 5.70862 0.188385 0.0121852 2.19593 1.52305 13.43 8.2963 0.0939204 0.250454 0.259523
51973.50 1995.65 32.159132 64.7112 3.14011 5.82224 0.194166 0.0124691 2.26204 1.55446 13.4645 8.24027 0.0932861 0.248763 0.256558
51678.40 1995.13 32.383620 64.5387 3.11835 5.93795 0.200062 0.0127618 2.32962 1.58663 13.499 8.18315 0.0926394 0.247038 0.254107
51383.30 1994.61 32.615748 64.3626 3.09615 6.0558 0.206075 0.0130639 2.3987 1.61958 13.5337 8.12491 0.0919801 0.24528 0.252142
51088.20 1994.10 32.856403 64.1825 3.07348 6.17613 0.212211 0.0133755 2.46939 1.65338 13.5688 8.0654 0.0913064 0.243484 0.250621
50793.20 1993.58 33.104549 63.9993 3.05044 6.29826 0.218452 0.0136969 2.54147 1.68796 13.6037 8.00494 0.090622 0.241659 0.249562
50498.10 1993.06 33.361284 63.8125 3.02697 6.42262 0.224807 0.0140286 2.6151 1.72341 13.6386 7.94334 0.0899246 0.239799 0.248927
50203.10 1992.54 33.626737 63.6222 3.00307 6.54913 0.231271 0.0143706 2.69022 1.75975 13.6736 7.88063 0.0892147 0.237906 0.248701
49908.10 1992.02 33.901350 63.4283 2.97875 6.67784 0.237844 0.0147236 2.76687 1.79701 13.7085 7.8168 0.0884921 0.235979 0.248872
49613.10 1991.50 34.185490 63.2309 2.95399 6.80877 0.244524 0.0150879 2.84504 1.83523 13.7435 7.75183 0.0877565 0.234017 0.249428
49318.10 1990.98 34.479549 63.0298 2.9288 6.94194 0.251308 0.0154638 2.92473 1.87444 13.7784 7.68572 0.0870081 0.232022 0.25036
49023.10 1990.46 34.783943 62.8252 2.90317 7.07737 0.258195 0.0158518 3.00595 1.91469 13.8132 7.61846 0.0862467 0.229991 0.251661
48728.20 1989.94 35.098994 62.6171 2.87712 7.21501 0.265179 0.0162522 3.08865 1.95599 13.8479 7.55007 0.0854725 0.227927 0.253326
48433.30 1989.43 35.426092 62.4049 2.85056 7.35529 0.272268 0.0166659 3.17299 1.99847 13.8827 7.48036 0.0846833 0.225822 0.255332
48138.40 1988.91 35.764149 62.1895 2.82361 7.49753 0.27944 0.0170928 3.25872 2.04205 13.9171 7.40966 0.0838829 0.223688 0.257712
47843.50 1988.39 36.114479 61.9705 2.79623 7.6421 0.286701 0.0175338 3.34594 2.08684 13.9513 7.33778 0.0830692 0.221518 0.260447
47548.60 1987.87 36.477648 61.7479 2.76839 7.78901 0.294046 0.0179893 3.43464 2.13288 13.9853 7.26472 0.0822421 0.219312 0.263536
47253.70 1987.35 36.854258 61.5217 2.74011 7.93828 0.301472 0.01846 3.52481 2.18024 14.019 7.19049 0.0814017 0.217071 0.26698
46958.90 1986.83 37.244797 61.2919 2.71138 8.08988 0.30897 0.0189462 3.6164 2.22895 14.0524 7.11509 0.0805482 0.214795 0.270779
46664.00 1986.31 37.650244 61.0583 2.68219 8.24393 0.316541 0.0194488 3.70945 2.27912 14.0855 7.03847 0.0796808 0.212482 0.274939
46369.20 1985.79 38.071015 60.8212 2.65255 8.40033 0.324174 0.0199682 3.80388 2.33076 14.1181 6.96068 0.0788001 0.210134 0.27946
46074.40 1985.27 38.508034 60.5804 2.62245 8.55917 0.331866 0.0205052 3.89969 2.38397 14.1503 6.88168 0.0779058 0.207749 0.284349
45779.60 1984.75 38.962121 60.3359 2.59189 8.72045 0.339611 0.0210605 3.99685 2.43883 14.182 6.80148 0.0769979 0.205328 0.28961
45484.90 1984.23 39.433971 60.0879 2.56089 8.88413 0.347398 0.0216345 4.09529 2.49538 14.2131 6.72009 0.0760765 0.202871 0.295248
45190.10 1983.71 39.924874 59.8361 2.52941 9.05034 0.355226 0.0222284 4.19505 2.55377 14.2437 6.63747 0.0751411 0.200376 0.301274
44895.40 1983.19 40.435452 59.5807 2.49747 9.21898 0.363082 0.0228426 4.29602 2.61403 14.2735 6.55366 0.0741923 0.197846 0.30769
44600.70 1982.67 40.966947 59.3218 2.46508 9.39011 0.37096 0.0234779 4.39817 2.67628 14.3025 6.46863 0.0732298 0.195279 0.314506
44306.00 1982.15 41.520490 59.0592 2.43222 9.56374 0.378851 0.0241352 4.50146 2.74063 14.3307 6.38239 0.0722535 0.192676 0.321733
44011.30 1981.63 42.097285 58.7931 2.39891 9.73988 0.386747 0.0248152 4.60584 2.80719 14.3579 6.29494 0.0712635 0.190036 0.329379
43716.60 1981.11 42.698616 58.5234 2.36513 9.91853 0.394636 0.0255189 4.71123 2.87607 14.3841 6.20629 0.0702599 0.18736 0.337454
43422.00 1980.59 43.325613 58.2503 2.33091 10.0996 0.402506 0.0262466 4.81753 2.94739 14.4091 6.11647 0.0692431 0.184648 0.345966
43127.30 1980.07 43.980209 57.9737 2.29623 10.2833 0.410351 0.0269997 4.92473 3.02131 14.4329 6.02544 0.0682125 0.1819 0.354932
42832.70 1979.55 44.663464 57.6938 2.26111 10.4693 0.418153 0.0277786 5.03268 3.09794 14.4553 5.93326 0.067169 0.179117 0.364357
42538.10 1979.03 45.377277 57.4106 2.22555 10.6579 0.425903 0.0285842 5.14132 3.17745 14.4761 5.83993 0.0661124 0.1763 0.374258
42243.50 1978.51 46.123410 57.1242 2.18956 10.8489 0.433587 0.0294173 5.25054 3.26001 14.4951 5.74546 0.0650429 0.173448 0.384645
41949.00 1977.99 46.903434 56.8348 2.15316 11.0423 0.441189 0.0302783 5.3602 3.34576 14.5124 5.64991 0.0639612 0.170563 0.39553
41654.40 1977.47 47.719929 56.5424 2.11632 11.2381 0.448699 0.0311685 5.47025 3.43496 14.5275 5.55324 0.0628668 0.167645 0.406932
41359.90 1976.95 48.525967 56.266 2.08118 11.4265 0.455975 0.0320203 5.5759 3.52372 14.5389 5.46099 0.0618226 0.16486 0.41215
41065.40 1976.43 49.278255 56.0212 2.04942 11.5996 0.462935 0.0327738 5.67333 3.60842 14.5457 5.37763 0.0608788 0.162343 0.405859
40770.90 1975.91 50.057561 55.7757 2.01752 11.7736 0.469786 0.0335408 5.77021 3.69575 14.5507 5.29391 0.059931 0.159816 0.39954
40476.40 1975.39 50.864957 55.5298 1.98551 11.9486 0.476517 0.034321 5.86642 3.78581 14.5537 5.20987 0.0589797 0.157279 0.393198
40181.90 1974.87 51.701547 55.2836 1.95339 12.1245 0.483119 0.0351137 5.96186 3.87872 14.5545 5.12557 0.0580253 0.154734 0.386836
39887.50 1974.35 52.568122 55.0374 1.9212 12.301 0.48958 0.0359179 6.05636 3.97453 14.5532 5.04108 0.0570688 0.152183 0.380459
39593.00 1973.83 53.466500 54.7911 1.88892 12.4784 0.495893 0.0367336 6.14987 4.07345 14.5495 4.95637 0.0561099 0.149626 0.374066
39298.60 1973.31 54.397166 54.5451 1.85662 12.6563 0.502043 0.0375592 6.2422 4.17551 14.5432 4.87158 0.0551499 0.147066 0.367666
39004.20 1972.79 55.361646 54.2996 1.82428 12.8347 0.508024 0.038394 6.33325 4.28087 14.5342 4.78671 0.0541891 0.144504 0.361261
38709.80 1972.26 56.358713 54.0552 1.79202 13.0131 0.513816 0.0392359 6.42272 4.38944 14.5223 4.70202 0.0532305 0.141948 0.35487
38415.40 1971.74 57.394336 53.8111 1.75969 13.1923 0.519425 0.0400853 6.51083 4.50176 14.5075 4.61718 0.05227 0.139387 0.348466
38121.10 1971.22 58.466941 53.5681 1.72742 13.3717 0.524831 0.0409395 6.59724 4.61772 14.4894 4.53248 0.051311 0.136829 0.342074
37826.80 1970.70 59.578091 53.3264 1.69521 13.5511 0.530026 0.0417972 6.68185 4.73746 14.4679 4.44794 0.0503541 0.134278 0.335694
37532.40 1970.18 60.729382 53.0861 1.66308 13.7306 0.535003 0.0426569 6.76454 4.86118 14.4428 4.36362 0.0493995 0.131732 0.32933
37238.10 1969.66 61.921044 52.8476 1.63108 13.9099 0.539747 0.0435159 6.84513 4.9889 14.4138 4.27964 0.0484488 0.129197 0.322992
36943.90 1969.14 63.154091 52.6112 1.59925 14.0889 0.544249 0.0443721 6.92347 5.12074 14.3809 4.19609 0.0475029 0.126674 0.316686
36649.60 1968.62 64.430456 52.3771 1.56757 14.2675 0.548505 0.0452237 6.9995 5.25691 14.3437 4.11296 0.0465618 0.124165 0.310412
36355.30 1968.10 65.749749 52.1459 1.53613 14.4454 0.552499 0.0456275 7.07291 5.39742 14.3021 4.03043 0.0456275 0.121673 0.304184
36061.10 1967.57 67.107359 51.9198 1.50505 14.622 0.556209 0.0447045 7.14313 5.54189 14.2564 3.9489 0.0447045 0.119212 0.29803
35766.90 1967.05 68.513251 51.6961 1.47417 14.7981 0.559651 0.0437871 7.21078 5.69127 14.2058 3.86787 0.0437871 0.116766 0.291914
35472.70 1966.53 69.964979 51.4758 1.44358 14.9732 0.562815 0.0428786 7.27559 5.84538 14.1501 3.78761 0.0428786 0.114343 0.285857
35178.50 1966.01 71.463044 51.2591 1.41332 15.1471 0.565696 0.0419797 7.33744 6.0043 14.0891 3.70821 0.0419797 0.111946 0.279865
34884.30 1965.49 73.007819 51.0462 1.38341 15.3197 0.568288 0.0410915 7.39621 6.16812 14.0226 3.62975 0.0410915 0.109577 0.273943
34590.20 1964.97 74.598936 50.8375 1.35391 15.4908 0.570585 0.0402151 7.45177 6.33682 13.9505 3.55233 0.0402151 0.10724 0.2681
34296.10 1964.45 76.237093 50.6332 1.32481 15.6602 0.572586 0.0393509 7.50405 6.51054 13.8726 3.476 0.0393509 0.104936 0.262339
34001.90 1963.92 77.919216 50.4338 1.29621 15.8276 0.574291 0.0385014 7.55287 6.689 13.7889 3.40096 0.0385014 0.10267 0.256676
33707.80 1963.40 79.651322 50.2387 1.26803 15.9935 0.575691 0.0376642 7.59831 6.87283 13.6991 3.327 0.0376642 0.100438 0.251094
33413.80 1962.88 81.429549 50.0487 1.24034 16.1573 0.576789 0.0368417 7.64018 7.06169 13.6031 3.25435 0.0368417 0.0982444 0.245611
33119.70 1962.36 83.255045 49.8637 1.21314 16.3191 0.577585 0.0360339 7.67845 7.25571 13.5009 3.18299 0.0360339 0.0960903 0.240226
32825.60 1961.84 85.126952 49.6839 1.18646 16.4788 0.578079 0.0352415 7.71302 7.45482 13.3925 3.113 0.0352415 0.0939773 0.234943
32531.60 1961.31 87.040300 49.5098 1.16038 16.6359 0.578277 0.0344668 7.74376 7.65849 13.2782 3.04457 0.0344668 0.0919114 0.229779
32237.60 1960.79 89.003857 49.3407 1.13478 16.7911 0.578173 0.0337064 7.77077 7.86762 13.1575 2.9774 0.0337064 0.0898837 0.224709
31943.60 1960.27 91.013713 49.1769 1.10972 16.944 0.577772 0.0329621 7.79392 8.08173 13.0307 2.91165 0.0329621 0.0878988 0.219747
31649.60 1959.75 93.070196 49.0185 1.0852 17.0946 0.577079 0.0322337 7.81318 8.3008 12.8979 2.84731 0.0322337 0.0859566 0.214892
31355.60 1959.23 95.173911 48.8654 1.06122 17.2431 0.576096 0.0315212 7.82851 8.52478 12.7593 2.78438 0.0315212 0.0840566 0.210142
31061.70 1958.70 97.320546 48.7179 1.03781 17.389 0.574837 0.030826 7.83985 8.75307 12.6152 2.72296 0.030826 0.0822026 0.205506
30767.80 1958.18 99.521003 48.5752 1.01486 17.5331 0.573288 0.0301444 7.84724 8.98663 12.4653 2.66275 0.0301444 0.080385 0.200963
30473.90 1957.66 100.318649 48.5254 1.00679 17.584 0.575245 0.0299047 7.84657 9.0711 12.4105 2.64158 0.0299047 0.0797459 0.199365
30180.00 1957.14 100.319056 48.5252 1.00679 17.5839 0.57929 0.0299046 7.84289 9.07106 12.4104 2.64157 0.0299046 0.0797456 0.199364
29886.10 1956.61 100.319467 48.525 1.00678 17.5838 0.583378 0.0299045 7.83918 9.07102 12.4104 2.64156 0.0299045 0.0797452 0.199363
29592.20 1956.09 100.319883 48.5248 1.00678 17.5838 0.587516 0.0299043 7.83542 9.07098 12.4103 2.64155 0.0299043 0.0797449 0.199362
29298.40 1955.57 100.320303 48.5246 1.00678 17.5837 0.591699 0.0299042 7.83162 9.07095 12.4102 2.64154 0.0299042 0.0797446 0.199361
29004.50 1955.05 100.320729 48.5244 1.00677 17.5836 0.595931 0.0299041 7.82778 9.07091 12.4102 2.64153 0.0299041 0.0797442 0.199361
28710.70 1954.52 100.321159 48.5242 1.00677 17.5835 0.600208 0.029904 7.8239 9.07087 12.4101 2.64152 0.029904 0.0797439 0.19936
28416.90 1954.00 100.321595 48.5239 1.00676 17.5835 0.604536 0.0299038 7.81997 9.07083 12.4101 2.64151 0.0299038 0.0797435 0.199359
28123.10 1953.48 100.322035 48.5237 1.00676 17.5834 0.608913 0.0299037 7.81599 9.07079 12.41 2.64149 0.0299037 0.0797432 0.199358
27829.40 1952.95 100.322480 48.5235 1.00675 17.5833 0.613337 0.0299036 7.81197 9.07075 12.41 2.64148 0.0299036 0.0797428 0.199357
27535.60 1952.43 100.322930 48.5233 1.00675 17.5832 0.617815 0.0299034 7.80791 9.07071 12.4099 2.64147 0.0299034 0.0797425 0.199356
27241.90 1951.91 100.323385 48.5231 1.00674 17.5831 0.622343 0.0299033 7.80379 9.07067 12.4099 2.64146 0.0299033 0.0797421 0.199355
26948.20 1951.39 100.323846 48.5229 1.00674 17.5831 0.626922 0.0299032 7.79963 9.07063 12.4098 2.64145 0.0299032 0.0797418 0.199354
26654.50 1950.86 100.324312 48.5226 1.00674 17.583 0.631552 0.029903 7.79543 9.07058 12.4098 2.64143 0.029903 0.0797414 0.199353
26360.80 1950.34 100.324783 48.5224 1.00673 17.5829 0.636237 0.0299029 7.79118 9.07054 12.4097 2.64142 0.0299029 0.079741 0.199353
26067.20 1949.82 100.325259 48.5222 1.00673 17.5828 0.640974 0.0299027 7.78687 9.0705 12.4096 2.64141 0.0299027 0.0797406 0.199352
25773.50 1949.29 100.325741 48.5219 1.00672 17.5827 0.645765 0.0299026 7.78252 9.07045 12.4096 2.6414 0.0299026 0.0797403 0.199351
25479.90 1948.77 100.326229 48.5217 1.00672 17.5826 0.650611 0.0299024 7.77812 9.07041 12.4095 2.64138 0.0299024 0.0797399 0.19935
25186.30 1948.25 100.326722 48.5215 1.00671 17.5826 0.655513 0.0299023 7.77367 9.07037 12.4095 2.64137 0.0299023 0.0797395 0.199349
24892.70 1947.72 100.327220 48.5212 1.00671 17.5825 0.660469 0.0299022 7.76917 9.07032 12.4094 2.64136 0.0299022 0.0797391 0.199348
24599.10 1947.20 100.327725 48.521 1.0067 17.5824 0.665484 0.029902 7.76461 9.07027 12.4093 2.64134 0.029902 0.0797387 0.199347
24305.60 1946.68 100.328235 48.5207 1.0067 17.5823 0.670556 0.0299019 7.76001 9.07023 12.4093 2.64133 0.0299019 0.0797383 0.199346
24012.00 1946.15 100.328751 48.5205 1.00669 17.5822 0.675685 0.0299017 7.75535 9.07018 12.4092 2.64132 0.0299017 0.0797379 0.199345
23718.50 1945.63 100.329273 48.5202 1.00669 17.5821 0.680873 0.0299015 7.75064 9.07013 12.4091 2.6413 0.0299015 0.0797374 0.199344
23425.00 1945.10 100.329800 48.52 1.00668 17.582 0.686119 0.0299014 7.74587 9.07009 12.4091 2.64129 0.0299014 0.079737 0.199343
23131.50 1944.58 100.330334 48.5197 1.00667 17.5819 0.691428 0.0299012 7.74105 9.07004 12.409 2.64128 0.0299012 0.0797366 0.199342
22838.00 1944.06 100.330874 48.5195 1.00667 17.5818 0.696797 0.0299011 7.73617 9.06999 12.4089 2.64126 0.0299011 0.0797362 0.19934
22544.60 1943.53 100.331420 48.5192 1.00666 17.5817 0.702225 0.0299009 7.73125 9.06994 12.4089 2.64125 0.0299009 0.0797357 0.199339
22251.10 1943.01 100.331973 48.5189 1.00666 17.5816 0.707719 0.0299007 7.72626 9.06989 12.4088 2.64123 0.0299007 0.0797353 0.199338
21957.70 1942.49 100.332532 48.5187 1.00665 17.5815 0.713275 0.0299006 7.72121 9.06984 12.4087 2.64122 0.0299006 0.0797349 0.199337
21664.30 1941.96 100.333097 48.5184 1.00665 17.5814 0.718892 0.0299004 7.71611 9.06979 12.4087 2.6412 0.0299004 0.0797344 0.199336
21370.90 1941.44 100.333669 48.5181 1.00664 17.5813 0.724577 0.0299002 7.71094 9.06974 12.4086 2.64119 0.0299002 0.079734 0.199335
21077.50 1940.91 100.334247 48.5178 1.00664 17.5812 0.730325 0.0299001 7.70572 9.06969 12.4085 2.64117 0.0299001 0.0797335 0.199334
20784.20 1940.39 100.334832 48.5175 1.00663 17.5811 0.73614 0.0298999 7.70044 9.06963 12.4085 2.64116 0.0298999 0.079733 0.199333
20490.80 1939.86 100.335424 48.5173 1.00662 17.581 0.742022 0.0298997 7.6951 9.06958 12.4084 2.64114 0.0298997 0.0797326 0.199331
20197.50 1939.34 100.336022 48.517 1.00662 17.5809 0.747972 0.0298995 7.6897 9.06952 12.4083 2.64113 0.0298995 0.0797321 0.19933
19904.20 1938.82 100.336628 48.5167 1.00661 17.5808 0.753991 0.0298993 7.68423 9.06947 12.4082 2.64111 0.0298993 0.0797316 0.199329
19610.90 1938.29 100.337240 48.5164 1.00661 17.5807 0.760077 0.0298992 7.6787 9.06941 12.4082 2.64109 0.0298992 0.0797311 0.199328
19317.60 1937.77 100.337860 48.5161 1.0066 17.5806 0.766236 0.029899 7.67311 9.06936 12.4081 2.64108 0.029899 0.0797306 0.199327
19024.40 1937.24 100.338486 48.5158 1.00659 17.5805 0.772462 0.0298988 7.66746 9.0693 12.408 2.64106 0.0298988 0.0797301 0.199325
18731.20 1936.72 100.339120 48.5155 1.00659 17.5804 0.778763 0.0298986 7.66173 9.06924 12.4079 2.64104 0.0298986 0.0797296 0.199324
18437.90 1936.19 100.339761 48.5152 1.00658 17.5803 0.785136 0.0298984 7.65595 9.06919 12.4078 2.64103 0.0298984 0.0797291 0.199323
18144.70 1935.67 100.340410 48.5149 1.00657 17.5802 0.791584 0.0298982 7.65009 9.06913 12.4078 2.64101 0.0298982 0.0797286 0.199321
17851.60 1935.14 100.341066 48.5145 1.00657 17.58 0.798101 0.029898 7.64417 9.06907 12.4077 2.64099 0.029898 0.0797281 0.19932
17558.40 1934.62 100.341729 48.5142 1.00656 17.5799 0.804699 0.0298978 7.63818 9.06901 12.4076 2.64098 0.0298978 0.0797275 0.199319
17265.20 1934.09 100.342401 48.5139 1.00655 17.5798 0.811371 0.0298976 7.63212 9.06895 12.4075 2.64096 0.0298976 0.079727 0.199318
16972.10 1933.57 100.343080 48.5136 1.00655 17.5797 0.818121 0.0298974 7.62599 9.06889 12.4074 2.64094 0.0298974 0.0797265 0.199316
16679.00 1925.28 100.343604 48.5133 1.00654 17.5796 0.823331 0.0298973 7.62126 9.06884 12.4074 2.64093 0.0298973 0.0797261 0.199315
16385.90 1903.82 100.343878 48.5132 1.00654 17.5795 0.826052 0.0298972 7.61879 9.06881 12.4073 2.64092 0.0298972 0.0797258 0.199315
16092.80 1882.03 100.344180 48.513 1.00654 17.5795 0.829058 0.0298971 7.61606 9.06879 12.4073 2.64091 0.0298971 0.0797256 0.199314
15799.70 1859.92 100.344515 48.5129 1.00653 17.5794 0.832383 0.029897 7.61304 9.06876 12.4073 2.6409 0.029897 0.0797253 0.199313
15506.70 1837.49 100.344885 48.5127 1.00653 17.5794 0.836059 0.0298969 7.6097 9.06872 12.4072 2.64089 0.0298969 0.079725 0.199313
15213.70 1814.74 100.345294 48.5125 1.00652 17.5793 0.840127 0.0298968 7.606 9.06869 12.4072 2.64088 0.0298968 0.0797247 0.199312
14920.70 1791.68 100.345747 48.5123 1.00652 17.5792 0.844629 0.0298966 7.60191 9.06865 12.4071 2.64087 0.0298966 0.0797244 0.199311
14627.70 1768.29 100.346248 48.512 1.00651 17.5791 0.84961 0.0298965 7.59739 9.0686 12.407 2.64086 0.0298965 0.079724 0.19931
14334.70 1744.59 100.346803 48.5118 1.00651 17.579 0.855124 0.0298963 7.59238 9.06855 12.407 2.64084 0.0298963 0.0797235 0.199309
14041.70 1720.58 100.347417 48.5115 1.0065 17.5789 0.861227 0.0298961 7.58684 9.06849 12.4069 2.64083 0.0298961 0.079723 0.199308
13748.80 1696.26 100.348097 48.5111 1.0065 17.5788 0.86798 0.0298959 7.58071 9.06843 12.4068 2.64081 0.0298959 0.0797225 0.199306
13455.90 1671.63 100.348849 48.5108 1.00649 17.5787 0.875457 0.0298957 7.57392 9.06837 12.4067 2.64079 0.0298957 0.0797219 0.199305
13162.90 1646.69 86.792731 48.1886 1.12169 19.1492 0.888642 0.0312808 7.80519 7.72491 11.7519 2.98146 0.0345651 0.0921736 0.230434
12870.10 1621.46 73.730164 48.1952 1.23425 20.6996 0.885929 0.0165096 7.93428 6.428 10.7891 3.39672 0.0406889 0.108504 0.271259
12577.20 1595.92 62.771098 48.58 1.31716 22.0226 0.863211 0.00730357 7.82836 5.27985 9.76701 3.84064 0.0477927 0.127447 0.318618
12284.30 1570.09 50.933307 50.1779 1.43576 22.3077 0.81831 0.00926835 7.17185 4.03808 8.84735 4.58517 0.0589006 0.157068 0.39267
11991.50 1543.96 42.729727 51.9769 1.47797 22.4692 0.742612 0.0106892 6.24992 3.10551 7.94235 5.29942 0.0702087 0.187223 0.468058
11698.70 1517.55 30.527856 53.1039 1.61322 21.8094 0.748602 0.0113917 6.05022 2.61831 6.96593 6.06756 0.0943431 0.262056 0.655139
11405.90 1490.85 21.597026 53.9883 1.6326 21.1926 0.748231 0.0113637 5.77849 2.2628 6.20428 6.76023 0.124614 0.370421 0.926053
11113.10 1463.87 15.695334 54.9476 1.51922 20.7665 0.724379 0.0111782 5.34401 1.96309 5.4945 7.40877 0.157321 0.389188 1.27426
10820.30 1436.61 11.835242 55.823 1.33511 20.429 0.685128 0.0111426 4.81898 1.71354 4.90585 7.99567 0.189165 0.403588 1.68987
10527.50 1409.08 9.235578 56.5432 1.13342 20.1364 0.637672 0.0113714 4.27199 1.5041 4.42984 8.51898 0.218254 0.429203 2.16554
10234.80 1381.28 7.329815 57.1344 0.942151 19.8785 0.586991 0.011898 3.74852 1.32436 3.99903 8.99737 0.244942 0.431261 2.70065
9942.09 1353.22 5.976818 57.5899 0.768606 19.6727 0.53518 0.0127848 3.2636 1.16714 3.58477 9.43777 0.267305 0.393945 3.3063
9649.39 1324.90 4.955331 57.8366 0.618063 19.4806 0.48484 0.0141164 2.82179 1.02992 3.23495 9.83819 0.285796 0.371722 3.98348
9356.70 1296.33 4.155675 57.864 0.489647 19.3033 0.437057 0.0160301 2.42562 0.908781 2.93693 10.2095 0.300478 0.362156 4.74657
9064.04 1267.51 3.509357 57.6591 0.377154 19.132 0.392746 0.0187767 2.07502 0.800858 2.68293 10.5677 0.311134 0.36465 5.61804
8771.39 1238.45 2.973292 57.2033 0.276489 18.9478 0.352504 0.0228034 1.76817 0.704173 2.46938 10.9289 0.317191 0.380496 6.62882
8478.75 1209.16 2.519537 56.4265 0.197372 18.7735 0.315578 0.0287971 1.49906 0.616738 2.29577 11.2934 0.318296 0.41379 7.82114
8186.14 1179.63 2.127456 55.2479 0.1361 18.6026 0.281906 0.0380814 1.26376 0.537099 2.16665 11.6785 0.313505 0.472086 9.26179
7893.54 1149.88 1.783993 53.5483 0.0897005 18.4193 0.25121 0.0531788 1.05785 0.464421 2.09483 12.1046 0.301648 0.569769 11.0452
7600.96 1119.91 1.483606 51.1829 0.0558459 18.1905 0.222779 0.0789945 0.875965 0.399126 2.10768 12.5874 0.281928 0.73321 13.2836
7308.40 1089.73 0.523313 49.6285 0.0406354 17.7332 0.171654 0.165795 0.659071 0.366763 2.44846 11.6876 0.302396 1.05372 15.7423
7015.85 1059.35 0.000000 ---
6723.33 1028.76 0.000000 ---