Title: Sanloup as cited by Taylor et al. (2014)

Phase Volumes:
Pressure Temperature mass V liquid_0 olivine_0 garnet_0 orthopyroxene_0 clinopyroxene_0 feldspar_0 
99995.30 2109.82 100.018868 28.744159 1.058082 7.270542 3.767651 16.647884 0.000000 0.000000 
99697.60 2109.30 100.018983 28.749246 1.061196 7.272450 3.765981 16.649620 0.000000 0.000000 
99399.90 2108.78 100.019099 28.754363 1.064376 7.274307 3.764291 16.651389 0.000000 0.000000 
99102.20 2108.26 100.019217 28.759508 1.067627 7.276108 3.762581 16.653193 0.000000 0.000000 
98804.60 2107.74 100.019337 28.764683 1.070948 7.277851 3.760851 16.655032 0.000000 0.000000 
98506.90 2107.23 100.019459 28.769900 1.074370 7.279499 3.759103 16.656928 0.000000 0.000000 
98209.30 2106.71 100.019582 28.775137 1.077845 7.281113 3.757332 16.658847 0.000000 0.000000 
97911.70 2106.19 100.019708 28.780407 1.081402 7.282657 3.755540 16.660809 0.000000 0.000000 
97614.10 2105.67 100.019835 28.785711 1.085044 7.284126 3.753727 16.662814 0.000000 0.000000 
97316.50 2105.15 100.019964 28.791049 1.088775 7.285517 3.751892 16.664866 0.000000 0.000000 
97018.90 2104.63 100.020095 28.796423 1.092597 7.286824 3.750036 16.666967 0.000000 0.000000 
96721.40 2104.11 100.020229 28.801832 1.096514 7.288042 3.748159 16.669117 0.000000 0.000000 
96423.80 2103.60 100.020364 28.807292 1.100560 7.289132 3.746262 16.671338 0.000000 0.000000 
96126.30 2103.08 100.020501 28.812777 1.104681 7.290159 3.744341 16.673596 0.000000 0.000000 
95828.80 2102.56 100.020640 28.818302 1.108911 7.291083 3.742398 16.675911 0.000000 0.000000 
95531.30 2102.04 100.020782 28.823869 1.113254 7.291896 3.740432 16.678287 0.000000 0.000000 
95233.80 2101.52 100.020926 28.829478 1.117715 7.292595 3.738443 16.680724 0.000000 0.000000 
94936.30 2101.00 100.021072 28.835130 1.122298 7.293173 3.736432 16.683227 0.000000 0.000000 
94638.90 2100.48 100.021220 28.840825 1.127007 7.293623 3.734399 16.685796 0.000000 0.000000 
94341.50 2099.96 100.021371 28.846566 1.131848 7.293940 3.732342 16.688436 0.000000 0.000000 
94044.10 2099.44 100.021524 28.852355 1.136828 7.294117 3.730262 16.691148 0.000000 0.000000 
93746.70 2098.93 100.021680 28.858205 1.141983 7.294106 3.728162 16.693955 0.000000 0.000000 
93449.30 2098.41 100.021838 28.864093 1.147257 7.293979 3.726035 16.696822 0.000000 0.000000 
93151.90 2097.89 100.021998 28.870033 1.152687 7.293691 3.723884 16.699771 0.000000 0.000000 
92854.60 2097.37 100.022161 28.876024 1.158278 7.293233 3.721710 16.702803 0.000000 0.000000 
92557.20 2096.85 100.022326 28.882072 1.164039 7.292597 3.719511 16.705925 0.000000 0.000000 
92259.90 2096.33 100.022494 28.888174 1.169974 7.291775 3.717289 16.709136 0.000000 0.000000 
91962.60 2095.81 100.022665 28.894334 1.176092 7.290760 3.715042 16.712440 0.000000 0.000000 
91665.30 2095.29 100.022838 28.900554 1.182399 7.289542 3.712771 16.715842 0.000000 0.000000 
91368.00 2094.77 100.023014 28.906835 1.188903 7.288112 3.710476 16.719345 0.000000 0.000000 
91070.80 2094.25 100.023192 28.913177 1.195609 7.286463 3.708156 16.722949 0.000000 0.000000 
90773.50 2093.73 100.023373 28.919586 1.202531 7.284583 3.705811 16.726661 0.000000 0.000000 
90476.30 2093.21 100.023556 28.926058 1.209670 7.282465 3.703442 16.730481 0.000000 0.000000 
90179.10 2092.69 100.023743 28.932599 1.217037 7.280100 3.701048 16.734414 0.000000 0.000000 
89881.90 2092.17 100.023931 28.939209 1.224642 7.277476 3.698628 16.738463 0.000000 0.000000 
89584.70 2091.65 100.024122 28.945890 1.232492 7.274585 3.696184 16.742630 0.000000 0.000000 
89287.60 2091.13 100.024316 28.952642 1.240592 7.271419 3.693715 16.746917 0.000000 0.000000 
88990.40 2090.61 100.024512 28.959471 1.248958 7.267964 3.691219 16.751330 0.000000 0.000000 
88693.30 2090.09 100.024710 28.966374 1.257592 7.264215 3.688700 16.755868 0.000000 0.000000 
88396.20 2089.57 100.024911 28.973354 1.266506 7.260159 3.686154 16.760535 0.000000 0.000000 
88099.10 2089.05 100.025114 28.980414 1.275708 7.255789 3.683583 16.765333 0.000000 0.000000 
87802.00 2088.53 100.025320 28.987553 1.285209 7.251094 3.680987 16.770264 0.000000 0.000000 
87505.00 2088.01 100.025527 28.994772 1.295011 7.246067 3.678366 16.775328 0.000000 0.000000 
87207.90 2087.49 100.025736 29.002076 1.305133 7.240696 3.675718 16.780529 0.000000 0.000000 
86910.90 2086.97 100.025948 29.009462 1.315574 7.234976 3.673046 16.785866 0.000000 0.000000 
86613.90 2086.45 100.026161 29.016932 1.326348 7.228897 3.670347 16.791340 0.000000 0.000000 
86316.80 2085.93 100.026376 29.024491 1.337467 7.222447 3.667622 16.796955 0.000000 0.000000 
86019.90 2085.41 100.026592 29.032131 1.348926 7.215630 3.664873 16.802703 0.000000 0.000000 
85722.90 2084.89 100.026810 29.039861 1.360747 7.208427 3.662098 16.808590 0.000000 0.000000 
85425.90 2084.37 100.027029 29.047678 1.372933 7.200836 3.659296 16.814613 0.000000 0.000000 
85129.00 2083.85 100.027249 29.055580 1.385486 7.192855 3.656470 16.820769 0.000000 0.000000 
84832.10 2083.33 100.027470 29.063569 1.398421 7.184474 3.653617 16.827058 0.000000 0.000000 
84535.20 2082.81 100.027692 29.071647 1.411743 7.175688 3.650739 16.833477 0.000000 0.000000 
84238.30 2082.29 100.027914 29.079811 1.425460 7.166493 3.647834 16.840025 0.000000 0.000000 
83941.40 2081.77 100.028137 29.088064 1.439579 7.156884 3.644903 16.846696 0.000000 0.000000 
83644.50 2081.25 100.028361 29.096403 1.454108 7.146859 3.641946 16.853489 0.000000 0.000000 
83347.70 2080.73 100.028585 29.104825 1.469046 7.136418 3.638964 16.860396 0.000000 0.000000 
83050.90 2080.21 100.028808 29.113332 1.484407 7.125555 3.635955 16.867415 0.000000 0.000000 
82754.10 2079.69 100.029032 29.121925 1.500196 7.114266 3.632920 16.874542 0.000000 0.000000 
82457.30 2079.17 100.029256 29.130601 1.516421 7.102551 3.629858 16.881771 0.000000 0.000000 
82160.50 2078.64 100.029479 29.139338 1.533018 7.090481 3.626767 16.889073 0.000000 0.000000 
81863.70 2078.12 100.029702 29.148179 1.550132 7.077906 3.623651 16.896490 0.000000 0.000000 
81567.00 2077.60 100.029924 29.157098 1.567695 7.064906 3.620508 16.903989 0.000000 0.000000 
81270.20 2077.08 100.030146 29.166100 1.585728 7.051466 3.617336 16.911570 0.000000 0.000000 
80973.50 2076.56 100.030367 29.175178 1.604223 7.037597 3.614137 16.919221 0.000000 0.000000 
80676.80 2076.04 100.030587 29.184334 1.623195 7.023292 3.610909 16.926938 0.000000 0.000000 
80380.10 2075.52 100.030806 29.193568 1.642652 7.008548 3.607652 16.934715 0.000000 0.000000 
80083.50 2075.00 100.031025 29.202873 1.662593 6.993372 3.604367 16.942541 0.000000 0.000000 
79786.80 2074.48 100.031243 29.212258 1.683044 6.977747 3.601051 16.950416 0.000000 0.000000 
79490.20 2073.95 100.031459 29.221689 1.703911 6.961770 3.597704 16.958304 0.000000 0.000000 
79193.60 2073.43 100.031675 29.231218 1.725381 6.945262 3.594326 16.966249 0.000000 0.000000 
78897.00 2072.91 100.031889 29.240821 1.747381 6.928304 3.590917 16.974219 0.000000 0.000000 
78600.40 2072.39 100.032103 29.250496 1.769920 6.910893 3.587475 16.982209 0.000000 0.000000 
78303.80 2071.87 100.032316 29.260245 1.793011 6.893024 3.583999 16.990211 0.000000 0.000000 
78007.20 2071.35 100.032528 29.270065 1.816665 6.874692 3.580488 16.998220 0.000000 0.000000 
77710.70 2070.83 100.032740 29.279954 1.840885 6.855900 3.576943 17.006225 0.000000 0.000000 
77414.20 2070.30 100.032950 29.289887 1.865594 6.836730 3.573361 17.014202 0.000000 0.000000 
77117.70 2069.78 100.033159 29.299920 1.891003 6.816986 3.569742 17.022189 0.000000 0.000000 
76821.20 2069.26 100.033368 29.310025 1.917030 6.796755 3.566084 17.030157 0.000000 0.000000 
76524.70 2068.74 100.033577 29.320204 1.943690 6.776028 3.562385 17.038100 0.000000 0.000000 
76228.30 2068.22 100.033785 29.330452 1.970989 6.754806 3.558647 17.046009 0.000000 0.000000 
75931.80 2067.69 100.033992 29.340749 1.998856 6.733164 3.554864 17.053865 0.000000 0.000000 
75635.40 2067.17 100.034199 29.351146 2.027505 6.710907 3.551038 17.061697 0.000000 0.000000 
75339.00 2066.65 100.034406 29.361620 2.056859 6.688114 3.547165 17.069481 0.000000 0.000000 
75042.60 2066.13 100.034613 29.372171 2.086939 6.664774 3.543245 17.077212 0.000000 0.000000 
74746.20 2065.61 100.034819 29.382801 2.117765 6.640875 3.539276 17.084885 0.000000 0.000000 
74449.80 2065.08 100.035026 29.393479 2.149235 6.616513 3.535255 17.092476 0.000000 0.000000 
74153.50 2064.56 100.035233 29.404266 2.181606 6.591464 3.531181 17.100014 0.000000 0.000000 
73857.10 2064.04 100.035440 29.415141 2.214808 6.565801 3.527051 17.107481 0.000000 0.000000 
73560.80 2063.52 100.035648 29.426097 2.248838 6.539528 3.522864 17.114867 0.000000 0.000000 
73264.50 2062.99 100.035857 29.437106 2.283599 6.512737 3.518617 17.122153 0.000000 0.000000 
72968.30 2062.47 100.036066 29.448234 2.319376 6.485185 3.514309 17.129364 0.000000 0.000000 
72672.00 2061.95 100.036276 29.459458 2.356094 6.456946 3.509933 17.136484 0.000000 0.000000 
72375.70 2061.43 100.036488 29.470775 2.393768 6.428011 3.505490 17.143507 0.000000 0.000000 
72079.50 2060.90 100.036700 29.482150 2.432260 6.398501 3.500978 17.150411 0.000000 0.000000 
71783.30 2060.38 100.036914 29.493658 2.471920 6.368126 3.496391 17.157221 0.000000 0.000000 
71487.10 2059.86 100.037130 29.505267 2.512633 6.336988 3.491726 17.163920 0.000000 0.000000 
71190.90 2059.34 100.037347 29.516981 2.554435 6.305063 3.486981 17.170502 0.000000 0.000000 
70894.70 2058.81 100.037566 29.528765 2.597190 6.272468 3.482154 17.176954 0.000000 0.000000 
70598.60 2058.29 100.037787 29.540691 2.641254 6.238910 3.477239 17.183289 0.000000 0.000000 
70302.40 2057.77 100.038011 29.552735 2.686535 6.204473 3.472230 17.189497 0.000000 0.000000 
70006.30 2057.25 100.038237 29.564891 2.733037 6.169157 3.467127 17.195570 0.000000 0.000000 
69710.20 2056.72 100.038465 29.577125 2.780627 6.133072 3.461926 17.201500 0.000000 0.000000 
69414.10 2056.20 100.038697 29.589520 2.829722 6.095884 3.456618 17.207296 0.000000 0.000000 
69118.00 2055.68 100.038931 29.602041 2.880180 6.057714 3.451201 17.212947 0.000000 0.000000 
68822.00 2055.15 100.039168 29.614643 2.931814 6.018710 3.445675 17.218444 0.000000 0.000000 
68525.90 2054.63 100.039409 29.627422 2.985120 5.978481 3.440024 17.223797 0.000000 0.000000 
68229.90 2054.11 100.039653 29.640330 3.039898 5.937189 3.434250 17.228993 0.000000 0.000000 
67933.90 2053.58 100.039901 29.653329 3.095986 5.894963 3.428349 17.234031 0.000000 0.000000 
67637.90 2053.06 100.040153 29.666512 3.153876 5.851416 3.422308 17.238912 0.000000 0.000000 
67341.90 2052.54 100.040409 29.679836 3.213394 5.806688 3.416124 17.243631 0.000000 0.000000 
67046.00 2052.01 100.040669 29.693252 3.274310 5.760958 3.409797 17.248187 0.000000 0.000000 
66750.00 2051.49 100.040935 29.706864 3.337206 5.713772 3.403307 17.252579 0.000000 0.000000 
66454.10 2050.97 100.041205 29.720619 3.401835 5.665324 3.396656 17.256803 0.000000 0.000000 
66158.20 2050.44 100.041479 29.734472 3.467994 5.615770 3.389841 17.260868 0.000000 0.000000 
65862.30 2049.92 100.041759 29.748523 3.536255 5.564665 3.382841 17.264763 0.000000 0.000000 
65566.40 2049.40 100.042044 29.762724 3.606396 5.512182 3.375654 17.268493 0.000000 0.000000 
65270.50 2048.87 100.042334 29.777022 3.678156 5.458517 3.368280 17.272070 0.000000 0.000000 
64974.70 2048.35 100.042630 29.791515 3.752122 5.403218 3.360697 17.275478 0.000000 0.000000 
64678.90 2047.82 100.042932 29.806101 3.827752 5.346698 3.352911 17.278740 0.000000 0.000000 
64383.10 2047.30 100.043240 29.820887 3.905692 5.288459 3.344894 17.281842 0.000000 0.000000 
64087.30 2046.78 100.043555 29.835815 3.985659 5.228715 3.336646 17.284796 0.000000 0.000000 
63791.50 2046.25 100.043875 29.850825 4.067328 5.167707 3.328166 17.287624 0.000000 0.000000 
63495.70 2045.73 100.044202 29.866027 4.151386 5.104909 3.319425 17.290307 0.000000 0.000000 
63200.00 2045.20 100.044534 29.881293 4.237110 5.040866 3.310436 17.292881 0.000000 0.000000 
62904.20 2044.68 100.044875 29.896749 4.325285 4.974978 3.301160 17.295327 0.000000 0.000000 
62608.50 2044.16 100.045222 29.912315 4.415478 4.907565 3.291603 17.297669 0.000000 0.000000 
62312.80 2043.63 100.045575 29.927927 4.507319 4.838904 3.281764 17.299941 0.000000 0.000000 
62017.10 2043.11 100.045936 29.943701 4.601561 4.768418 3.271605 17.302117 0.000000 0.000000 
61721.50 2042.58 100.046302 29.959495 4.697339 4.696756 3.261146 17.304254 0.000000 0.000000 
61425.80 2042.06 100.046677 29.975438 4.795509 4.623264 3.250339 17.306325 0.000000 0.000000 
61130.20 2041.53 100.047057 29.991375 4.895108 4.548666 3.239209 17.308392 0.000000 0.000000 
60834.50 2041.01 100.047445 30.007440 4.997022 4.472286 3.227704 17.310429 0.000000 0.000000 
60538.90 2040.49 100.047840 30.023541 5.100678 4.394551 3.215836 17.312477 0.000000 0.000000 
60243.40 2039.96 100.048241 30.039594 5.205538 4.315863 3.203611 17.314582 0.000000 0.000000 
59947.80 2039.44 100.048650 30.055735 5.312530 4.235516 3.190970 17.316719 0.000000 0.000000 
59652.20 2038.91 100.049064 30.071804 5.420586 4.154315 3.177945 17.318960 0.000000 0.000000 
59356.70 2038.39 100.049486 30.087920 5.530522 4.071636 3.164485 17.321277 0.000000 0.000000 
59061.20 2037.86 100.049912 30.103932 5.641308 3.988259 3.150617 17.323748 0.000000 0.000000 
58765.70 2037.34 100.050347 30.119967 5.753834 3.903506 3.136282 17.326344 0.000000 0.000000 
58470.20 2036.81 100.050786 30.135866 5.866977 3.818229 3.121514 17.329146 0.000000 0.000000 
58174.70 2036.29 100.051232 30.151759 5.981653 3.731731 3.106250 17.332125 0.000000 0.000000 
57879.20 2035.76 100.051683 30.167485 6.096701 3.644895 3.090527 17.335362 0.000000 0.000000 
57583.80 2035.24 100.052141 30.183171 6.213015 3.557042 3.074286 17.338827 0.000000 0.000000 
57288.40 2034.71 100.052602 30.198663 6.329448 3.469049 3.057562 17.342604 0.000000 0.000000 
56993.00 2034.19 100.053071 30.214095 6.446973 3.380177 3.040283 17.346662 0.000000 0.000000 
56697.60 2033.66 100.053543 30.229309 6.564369 3.291362 3.022494 17.351084 0.000000 0.000000 
56402.20 2033.14 100.054022 30.244441 6.682638 3.201844 3.004119 17.355839 0.000000 0.000000 
56106.80 2032.61 100.054504 30.259335 6.800541 3.112577 2.985208 17.361010 0.000000 0.000000 
55811.50 2032.09 100.054992 30.274125 6.919059 3.022816 2.965686 17.366564 0.000000 0.000000 
55516.20 2031.56 100.055483 30.288662 7.036989 2.933492 2.945599 17.372582 0.000000 0.000000 
55220.90 2031.04 100.055980 30.303089 7.155395 2.843798 2.924861 17.379036 0.000000 0.000000 
54925.60 2030.51 100.056480 30.317254 7.273016 2.754711 2.903528 17.386000 0.000000 0.000000 
54630.30 2029.98 100.056985 30.331230 7.390351 2.665859 2.881548 17.393472 0.000000 0.000000 
54335.00 2029.46 100.057495 30.345086 7.507917 2.576855 2.858862 17.401452 0.000000 0.000000 
54039.80 2028.93 100.058008 30.358673 7.624406 2.488718 2.835543 17.410007 0.000000 0.000000 
53744.60 2028.41 100.058526 30.372142 7.740996 2.400551 2.811479 17.419116 0.000000 0.000000 
53449.30 2027.88 100.059047 30.385359 7.856483 2.313299 2.786729 17.428848 0.000000 0.000000 
53154.20 2027.36 100.059574 30.398451 7.971871 2.226198 2.761211 17.439172 0.000000 0.000000 
52859.00 2026.83 100.060103 30.411302 8.086058 2.140113 2.734970 17.450161 0.000000 0.000000 
52563.80 2026.30 100.060637 30.423982 8.199564 2.054658 2.707948 17.461812 0.000000 0.000000 
52268.70 2025.78 100.061176 30.436561 8.312920 1.969434 2.680082 17.474125 0.000000 0.000000 
51973.50 2025.25 100.061718 30.448921 8.424986 1.885342 2.651430 17.487163 0.000000 0.000000 
51678.40 2024.73 100.062266 30.461197 8.536867 1.801538 2.621883 17.500908 0.000000 0.000000 
51383.30 2024.20 100.062817 30.473269 8.647384 1.718954 2.591517 17.515414 0.000000 0.000000 
51088.20 2023.67 100.063372 30.485215 8.757143 1.637134 2.560251 17.530688 0.000000 0.000000 
50793.20 2023.15 100.063934 30.497109 8.866710 1.555654 2.528010 17.546735 0.000000 0.000000 
50498.10 2022.62 100.064499 30.508839 8.974967 1.475401 2.494861 17.563610 0.000000 0.000000 
50203.10 2022.09 100.065069 30.520474 9.082441 1.395978 2.460742 17.581313 0.000000 0.000000 
49908.10 2021.57 100.065646 30.532098 9.189811 1.316878 2.425543 17.599867 0.000000 0.000000 
49613.10 2021.04 100.066227 30.543595 9.295874 1.239049 2.389364 17.619308 0.000000 0.000000 
49318.10 2020.52 100.066814 30.555106 9.401881 1.161539 2.352037 17.639650 0.000000 0.000000 
49023.10 2019.99 100.067406 30.566519 9.506636 1.085290 2.313666 17.660927 0.000000 0.000000 
48728.20 2019.46 100.068004 30.577908 9.610741 1.009853 2.274164 17.683150 0.000000 0.000000 
48433.30 2018.94 100.068609 30.589355 9.714890 0.934707 2.233400 17.706358 0.000000 0.000000 
48138.40 2018.41 100.069219 30.600749 9.817899 0.860788 2.191489 17.730573 0.000000 0.000000 
47843.50 2017.88 100.069836 30.612169 9.920425 0.787604 2.148315 17.755826 0.000000 0.000000 
47548.60 2017.36 100.070461 30.623694 10.023122 0.714667 2.103751 17.782154 0.000000 0.000000 
47253.70 2016.83 100.071092 30.635215 10.124820 0.642901 2.057920 17.809574 0.000000 0.000000 
46958.90 2016.30 100.071729 30.646805 10.226134 0.571844 2.010712 17.838115 0.000000 0.000000 
46664.00 2015.77 100.072375 30.658491 10.327208 0.501409 1.962043 17.867831 0.000000 0.000000 
46369.20 2015.25 100.073030 30.670341 10.428619 0.431166 1.911805 17.898750 0.000000 0.000000 
46074.40 2014.72 100.073691 30.682254 10.529249 0.361998 1.860115 17.930891 0.000000 0.000000 
45779.60 2014.19 100.074361 30.694308 10.629769 0.293407 1.806826 17.964306 0.000000 0.000000 
45484.90 2013.67 100.075041 30.706577 10.730807 0.224928 1.751796 17.999045 0.000000 0.000000 
45190.10 2013.14 100.075729 30.718966 10.831295 0.157408 1.695132 18.035131 0.000000 0.000000 
44895.40 2012.61 100.076426 30.731544 10.931821 0.090409 1.636710 18.072604 0.000000 0.000000 
44600.70 2012.08 100.077132 30.744334 11.032497 0.023870 1.576446 18.111521 0.000000 0.000000 
44306.00 2011.56 100.077694 30.753771 11.087364 0.000000 1.518833 18.147574 0.000000 0.000000 
44011.30 2011.03 100.078177 30.761496 11.116982 0.000000 1.462218 18.182297 0.000000 0.000000 
43716.60 2010.50 100.078672 30.769595 11.147601 0.000000 1.403937 18.218057 0.000000 0.000000 
43422.00 2009.97 100.079176 30.778075 11.179247 0.000000 1.343954 18.254874 0.000000 0.000000 
43127.30 2009.45 100.079692 30.786977 11.212098 0.000000 1.282086 18.292793 0.000000 0.000000 
42832.70 2008.92 100.080219 30.796259 11.245946 0.000000 1.218462 18.331852 0.000000 0.000000 
42538.10 2008.39 100.080756 30.805961 11.280959 0.000000 1.152916 18.372086 0.000000 0.000000 
42243.50 2007.86 100.081306 30.816094 11.317182 0.000000 1.085379 18.413533 0.000000 0.000000 
41949.00 2007.34 100.081866 30.826695 11.354774 0.000000 1.015713 18.456208 0.000000 0.000000 
41654.40 2006.81 100.082439 30.837733 11.393571 0.000000 0.943958 18.500205 0.000000 0.000000 
41359.90 2006.28 100.083024 30.849242 11.433717 0.000000 0.870000 18.545525 0.000000 0.000000 
41065.40 2005.75 100.083621 30.861239 11.475284 0.000000 0.793725 18.592230 0.000000 0.000000 
40770.90 2005.22 100.084231 30.873743 11.518333 0.000000 0.715042 18.640367 0.000000 0.000000 
40476.40 2004.70 100.084853 30.886800 11.563069 0.000000 0.633753 18.689978 0.000000 0.000000 
40181.90 2004.17 100.085489 30.900368 11.609282 0.000000 0.549953 18.741133 0.000000 0.000000 
39887.50 2003.64 100.086139 30.914491 11.657160 0.000000 0.463470 18.793861 0.000000 0.000000 
39593.00 2003.11 100.086803 30.929200 11.706817 0.000000 0.374128 18.848255 0.000000 0.000000 
39298.60 2002.58 100.087480 30.944504 11.758295 0.000000 0.281870 18.904339 0.000000 0.000000 
39004.20 2002.05 100.088173 30.960432 11.811698 0.000000 0.186538 18.962197 0.000000 0.000000 
38709.80 2001.53 100.088880 30.977043 11.867280 0.000000 0.087873 19.021890 0.000000 0.000000 
38415.40 2001.00 100.089516 30.992757 11.922300 0.000000 0.000000 19.070457 0.000000 0.000000 
38121.10 2000.47 100.089607 30.999103 11.962692 0.000000 0.000000 19.036411 0.000000 0.000000 
37826.80 1999.94 100.089704 31.005663 12.003915 0.000000 0.000000 19.001749 0.000000 0.000000 
37532.40 1999.41 100.089806 31.012444 12.046005 0.000000 0.000000 18.966439 0.000000 0.000000 
37238.10 1998.88 100.089915 31.019443 12.088949 0.000000 0.000000 18.930494 0.000000 0.000000 
36943.90 1998.35 100.090029 31.026664 12.132770 0.000000 0.000000 18.893895 0.000000 0.000000 
36649.60 1997.82 100.090148 31.034116 12.177523 0.000000 0.000000 18.856593 0.000000 0.000000 
36355.30 1997.30 100.090273 31.041824 12.223382 0.000000 0.000000 18.818442 0.000000 0.000000 
36061.10 1996.77 100.090404 31.049739 12.270022 0.000000 0.000000 18.779718 0.000000 0.000000 
35766.90 1996.24 100.090541 31.057894 12.317648 0.000000 0.000000 18.740246 0.000000 0.000000 
35472.70 1995.71 100.090683 31.066291 12.366286 0.000000 0.000000 18.700004 0.000000 0.000000 
35178.50 1995.18 100.090831 31.074934 12.415963 0.000000 0.000000 18.658971 0.000000 0.000000 
34884.30 1994.65 100.090985 31.083828 12.466706 0.000000 0.000000 18.617123 0.000000 0.000000 
34590.20 1994.12 100.091144 31.092974 12.518521 0.000000 0.000000 18.574453 0.000000 0.000000 
34296.10 1993.59 100.091309 31.102379 12.571457 0.000000 0.000000 18.530922 0.000000 0.000000 
34001.90 1993.06 100.091480 31.112051 12.625567 0.000000 0.000000 18.486483 0.000000 0.000000 
33707.80 1992.53 100.091657 31.121987 12.680838 0.000000 0.000000 18.441149 0.000000 0.000000 
33413.80 1992.00 100.091839 31.132192 12.737300 0.000000 0.000000 18.394892 0.000000 0.000000 
33119.70 1991.47 100.092028 31.142679 12.795032 0.000000 0.000000 18.347647 0.000000 0.000000 
32825.60 1990.94 100.092222 31.153449 12.854045 0.000000 0.000000 18.299404 0.000000 0.000000 
32531.60 1990.42 100.092421 31.164534 12.914566 0.000000 0.000000 18.249968 0.000000 0.000000 
32237.60 1989.89 100.092627 31.175881 12.976228 0.000000 0.000000 18.199653 0.000000 0.000000 
31943.60 1989.36 100.092839 31.187526 13.039280 0.000000 0.000000 18.148246 0.000000 0.000000 
31649.60 1988.83 100.093057 31.199476 13.103762 0.000000 0.000000 18.095715 0.000000 0.000000 
31355.60 1988.30 100.093281 31.211737 13.169713 0.000000 0.000000 18.042024 0.000000 0.000000 
31061.70 1987.77 100.093511 31.224309 13.237149 0.000000 0.000000 17.987160 0.000000 0.000000 
30767.80 1987.24 100.093748 31.237204 13.306139 0.000000 0.000000 17.931065 0.000000 0.000000 
30473.90 1986.71 100.093991 31.250428 13.376728 0.000000 0.000000 17.873699 0.000000 0.000000 
30180.00 1986.18 100.094240 31.263988 13.448964 0.000000 0.000000 17.815024 0.000000 0.000000 
29886.10 1985.65 100.094496 31.277891 13.522893 0.000000 0.000000 17.754998 0.000000 0.000000 
29592.20 1985.12 100.094758 31.292145 13.598568 0.000000 0.000000 17.693577 0.000000 0.000000 
29298.40 1984.59 100.095027 31.306751 13.676008 0.000000 0.000000 17.630743 0.000000 0.000000 
29004.50 1984.06 100.095303 31.321728 13.755330 0.000000 0.000000 17.566399 0.000000 0.000000 
28710.70 1983.53 100.095586 31.337074 13.836526 0.000000 0.000000 17.500548 0.000000 0.000000 
28416.90 1983.00 100.095876 31.352802 13.919686 0.000000 0.000000 17.433116 0.000000 0.000000 
28123.10 1982.46 100.096174 31.368880 14.004578 0.000000 0.000000 17.364301 0.000000 0.000000 
27829.40 1981.93 100.096478 31.385393 14.091810 0.000000 0.000000 17.293583 0.000000 0.000000 
27535.60 1981.40 100.096790 31.402322 14.181230 0.000000 0.000000 17.221092 0.000000 0.000000 
27241.90 1980.87 100.097110 31.419665 14.272834 0.000000 0.000000 17.146830 0.000000 0.000000 
26948.20 1980.34 100.097437 31.437438 14.366730 0.000000 0.000000 17.070708 0.000000 0.000000 
26654.50 1979.81 100.097773 31.455652 14.462990 0.000000 0.000000 16.992662 0.000000 0.000000 
26360.80 1979.28 100.098117 31.474318 14.561692 0.000000 0.000000 16.912626 0.000000 0.000000 
26067.20 1978.75 100.098469 31.493441 14.662876 0.000000 0.000000 16.830565 0.000000 0.000000 
25773.50 1978.22 100.098830 31.513048 14.766705 0.000000 0.000000 16.746343 0.000000 0.000000 
25479.90 1977.69 100.099199 31.533136 14.873184 0.000000 0.000000 16.659952 0.000000 0.000000 
25186.30 1977.16 100.099578 31.553727 14.982446 0.000000 0.000000 16.571281 0.000000 0.000000 
24892.70 1976.63 100.099966 31.574835 15.094585 0.000000 0.000000 16.480250 0.000000 0.000000 
24599.10 1976.09 100.100365 31.596420 15.209318 0.000000 0.000000 16.387102 0.000000 0.000000 
24305.60 1975.56 100.100772 31.618595 15.327457 0.000000 0.000000 16.291138 0.000000 0.000000 
24012.00 1975.03 100.101190 31.641342 15.448832 0.000000 0.000000 16.192510 0.000000 0.000000 
23718.50 1974.50 100.101619 31.664658 15.573459 0.000000 0.000000 16.091200 0.000000 0.000000 
23425.00 1973.97 100.102058 31.688572 15.701506 0.000000 0.000000 15.987067 0.000000 0.000000 
23131.50 1973.44 100.102509 31.713101 15.833096 0.000000 0.000000 15.880005 0.000000 0.000000 
22838.00 1972.91 100.102971 31.738265 15.968362 0.000000 0.000000 15.769903 0.000000 0.000000 
22544.60 1972.38 100.103445 31.764074 16.107384 0.000000 0.000000 15.656690 0.000000 0.000000 
22251.10 1971.84 100.103932 31.790506 16.249957 0.000000 0.000000 15.540549 0.000000 0.000000 
21957.70 1971.31 100.104431 31.817690 16.397030 0.000000 0.000000 15.420660 0.000000 0.000000 
21664.30 1970.78 100.104943 31.845596 16.548367 0.000000 0.000000 15.297229 0.000000 0.000000 
21370.90 1970.25 100.105469 31.874250 16.704137 0.000000 0.000000 15.170113 0.000000 0.000000 
21077.50 1969.72 100.106010 31.903678 16.864517 0.000000 0.000000 15.039161 0.000000 0.000000 
20784.20 1969.18 100.106565 31.933827 17.029107 0.000000 0.000000 14.904720 0.000000 0.000000 
20490.80 1968.65 100.107135 31.964888 17.199263 0.000000 0.000000 14.765625 0.000000 0.000000 
20197.50 1968.12 100.107721 31.996799 17.374550 0.000000 0.000000 14.622249 0.000000 0.000000 
19904.20 1967.59 100.108323 32.029606 17.555256 0.000000 0.000000 14.474350 0.000000 0.000000 
19610.90 1967.06 100.108942 32.063344 17.741614 0.000000 0.000000 14.321730 0.000000 0.000000 
19317.60 1966.52 100.109579 32.097970 17.933277 0.000000 0.000000 14.164693 0.000000 0.000000 
19024.40 1965.99 100.110233 32.133667 18.131599 0.000000 0.000000 14.002068 0.000000 0.000000 
18731.20 1965.46 100.110907 32.170412 18.336354 0.000000 0.000000 13.834058 0.000000 0.000000 
18437.90 1964.93 100.111601 32.208264 18.547924 0.000000 0.000000 13.660340 0.000000 0.000000 
18144.70 1964.40 100.112315 32.247241 18.766455 0.000000 0.000000 13.480786 0.000000 0.000000 
17851.60 1963.86 100.113050 32.287302 18.991597 0.000000 0.000000 13.295705 0.000000 0.000000 
17558.40 1963.33 100.113807 32.328711 19.225224 0.000000 0.000000 13.103487 0.000000 0.000000 
17265.20 1962.80 100.114588 32.371421 19.466971 0.000000 0.000000 12.904450 0.000000 0.000000 
16972.10 1962.27 100.115392 32.415477 19.717147 0.000000 0.000000 12.698331 0.000000 0.000000 
16679.00 1961.73 100.116221 32.460858 19.975517 0.000000 0.000000 12.485341 0.000000 0.000000 
16385.90 1961.20 100.117076 32.507837 20.244058 0.000000 0.000000 12.263779 0.000000 0.000000 
16092.80 1960.67 100.117958 32.556389 20.522530 0.000000 0.000000 12.033859 0.000000 0.000000 
15799.70 1960.13 100.118868 32.606483 20.810637 0.000000 0.000000 11.795846 0.000000 0.000000 
15506.70 1959.60 100.119808 32.658409 21.110494 0.000000 0.000000 11.547915 0.000000 0.000000 
15213.70 1959.07 100.120778 32.712169 21.422026 0.000000 0.000000 11.290143 0.000000 0.000000 
14920.70 1936.36 100.121202 32.517044 19.894179 0.000000 0.000000 12.622865 0.000000 0.000000 
14627.70 1911.96 100.122052 32.332967 18.493814 0.000000 0.000000 13.839153 0.000000 0.000000 
14334.70 1887.16 100.123348 32.170393 17.291146 0.000000 0.000000 14.879246 0.000000 0.000000 
14041.70 1861.96 100.125075 32.025511 16.251551 0.000000 0.000000 15.773961 0.000000 0.000000 
13748.80 1836.36 100.124526 31.886584 14.971386 0.600456 0.000000 16.314742 0.000000 0.000000 
13455.90 1810.37 100.123421 31.754925 13.721603 1.284497 0.000000 16.748824 0.000000 0.000000 
13162.90 1783.98 100.122203 31.629860 12.554223 1.935981 0.000000 17.139656 0.000000 0.000000 
12870.10 1757.21 100.120789 31.509774 11.450177 2.564306 0.000000 17.495291 0.000000 0.000000 
12577.20 1730.04 100.119085 31.393238 10.393130 3.177865 0.000000 17.822243 0.000000 0.000000 
12284.30 1702.50 100.116999 31.279391 9.372856 3.782086 0.000000 18.124448 0.000000 0.000000 
11991.50 1674.57 100.114435 31.167499 8.381513 4.381670 0.000000 18.404316 0.000000 0.000000 
11698.70 1646.26 100.111315 31.057557 7.418633 4.978419 0.000000 18.660506 0.000000 0.000000 
11405.90 1617.59 100.107587 30.950386 6.492247 5.571138 0.000000 18.887002 0.000000 0.000000 
11113.10 1588.54 100.103235 30.847621 5.619478 6.155206 0.000000 19.072938 0.000000 0.000000 
10820.30 1559.13 100.098311 30.751952 4.830100 6.716817 0.000000 19.205035 0.000000 0.000000 
10527.50 1529.37 100.095110 30.644402 3.793456 7.401993 0.000000 16.047713 3.401240 0.000000 
10234.80 1499.25 100.091049 30.565271 3.226555 7.834218 0.000000 14.987649 4.516849 0.000000 
9942.09 1468.78 100.086842 30.495700 2.854217 8.127179 0.000000 14.654674 4.859630 0.000000 
9649.39 1437.97 100.082672 30.429644 2.586665 8.332582 0.000000 14.779238 4.731160 0.000000 
9356.70 1406.83 100.079159 30.351539 2.417800 8.458375 0.000000 17.594206 1.881158 0.000000 
9064.04 1375.36 100.076028 30.287741 2.216870 8.584560 0.000000 17.456082 2.030230 0.000000 
8771.39 1343.56 100.052137 30.444904 0.667691 10.475340 0.000000 14.898580 1.796916 2.606377 
