Title: Temperature in Celsius

System Thermodynamic Data:
Pressure Temperature mass F phi S H V dVdP*10^6 dVdT*10^6 Cp logfO2(absolute) logfO2(absolute) rhol rhos viscosity aH2O chisqr
500.00 1421.32 100.350000 0.8495397545057848 0.861876 260.000000 -1261485.593023 37.007957 -185.559457 2341.411670 147.538073 -9.902 -9.902 2.672767 2.953761 2.671 0.0189277 0.000
1500.00 1427.48 85.253314 0.9795069679854639 0.979906 223.767641 -1060822.683003 31.706099 -169.599111 2150.462757 128.318927 -9.705 -9.705 2.687768 2.742200 2.634 0.00804915 0.000
2500.00 1433.25 83.508216 0.9821050760141377 0.982402 219.548131 -1034063.689709 30.894499 -159.846331 2117.828714 125.692232 -9.517 -9.517 2.702196 2.748596 2.600 0.00588294 0.000
3500.00 1446.70 82.015842 0.9564567145536760 0.962346 215.931756 -1010902.556428 30.060977 -149.206301 2061.999980 122.496324 -9.255 -9.255 2.711619 3.155040 2.560 0.00508841 0.000
4500.00 1457.79 78.446603 0.9666634972607204 0.971302 207.579024 -961596.303285 28.687338 -140.110057 1986.880850 117.241772 -9.030 -9.030 2.721477 3.176573 2.528 0.00462852 0.000
5500.00 1468.44 75.833468 0.9699670793155377 0.974651 201.448909 -925036.053787 27.637807 -132.367439 1927.947033 113.233184 -8.821 -8.821 2.730645 3.250825 2.503 0.00434105 0.000
6500.00 1479.21 73.556967 0.9696852071937470 0.974485 196.116203 -893229.892453 26.722029 -125.294441 1871.998021 109.649474 -8.627 -8.627 2.739114 3.270483 2.483 0.00417571 0.000
7500.00 1489.99 71.329103 0.9700447018783358 0.974788 190.880637 -862328.288454 25.837494 -118.751064 1818.441794 106.159708 -8.443 -8.443 2.747250 3.280006 2.464 0.00408555 0.000
8500.00 1500.74 69.194418 0.9706217609190627 0.975249 185.847484 -832824.668169 24.995102 -112.700342 1768.154230 102.821784 -8.269 -8.269 2.755183 3.285901 2.445 0.00404657 0.000
9500.00 1511.46 67.163608 0.9712017918776931 0.975714 181.043592 -804821.371334 24.196391 -107.092247 1721.161508 99.646170 -8.103 -8.103 2.762933 3.291478 2.427 0.00404554 0.000
10500.00 1522.15 65.231417 0.9717821878603592 0.976179 176.458244 -778235.899951 23.438811 -101.882356 1677.337657 96.624234 -7.946 -7.946 2.770516 3.296755 2.409 0.00407434 0.000
11500.00 1532.80 63.392729 0.9723608325356138 0.976643 172.080890 -752988.583427 22.719943 -97.032234 1636.534058 93.747604 -7.798 -7.798 2.777946 3.301748 2.391 0.0041278 0.000
12500.00 1543.42 61.642607 0.9729364359445386 0.977105 167.901244 -729002.955422 22.037499 -92.508437 1598.588360 91.008237 -7.658 -7.658 2.785235 3.306474 2.374 0.00420255 0.000
13500.00 1554.01 59.976338 0.9735086154358029 0.977565 163.909422 -706206.331351 21.389338 -88.281739 1563.331742 88.398486 -7.527 -7.527 2.792396 3.310951 2.356 0.00429635 0.000
14500.00 1567.29 58.389482 0.9667974672700459 0.974513 160.096060 -684532.723815 20.723713 -83.714267 1517.019763 85.751513 -7.220 -7.220 2.795214 3.670391 2.343 0.00446959 0.000
15500.00 1580.50 56.451803 0.9678598275428481 0.975319 155.475829 -659181.766282 20.022370 -79.573445 1474.977332 82.749580 -6.918 -6.918 2.797873 3.671551 2.331 0.00465808 0.000
16500.00 1593.27 54.638432 0.9699636350365818 0.976931 151.140490 -635489.292841 19.369854 -75.811182 1437.267359 79.958594 -6.629 -6.629 2.800679 3.672800 2.319 0.00485425 0.000
17500.00 1605.63 52.998292 0.9719086905025098 0.978421 147.209651 -614019.663730 18.777679 -72.387961 1403.988545 77.427479 -6.351 -6.351 2.803624 3.674137 2.307 0.00505804 0.000
18500.00 1617.59 51.510501 0.9737116392498811 0.979800 143.635825 -594500.654217 18.238619 -69.261459 1374.630231 75.124553 -6.083 -6.083 2.806704 3.675560 2.295 0.00526949 0.000
19500.00 1629.19 50.157374 0.9753867323062373 0.981081 140.378654 -576701.974183 17.746550 -66.396064 1348.752520 73.022956 -5.826 -5.826 2.809912 3.677067 2.283 0.00548868 0.000
20500.00 1640.43 48.923838 0.9769462453012541 0.982274 137.403609 -560427.508422 17.296241 -63.761599 1325.974642 71.099766 -5.578 -5.578 2.813241 3.678657 2.271 0.00571571 0.000
21500.00 1651.33 47.796959 0.9784008136895934 0.983385 134.680968 -545509.211001 16.883203 -61.332327 1305.965555 69.335301 -5.339 -5.339 2.816687 3.680329 2.258 0.00595076 0.000
22500.00 1661.92 46.765584 0.9797597029902761 0.984423 132.185003 -531802.258177 16.503557 -59.086157 1288.436288 67.712563 -5.109 -5.109 2.820242 3.682083 2.246 0.00619401 0.000
23500.00 1672.20 45.820035 0.9810310280588470 0.985395 129.893323 -519181.168482 16.153935 -57.004027 1273.133672 66.216791 -4.886 -4.886 2.823902 3.683918 2.233 0.00644569 0.000
24500.00 1682.20 44.951876 0.9822219321671367 0.986305 127.786344 -507536.672942 15.831400 -55.069394 1259.835152 64.835104 -4.671 -4.671 2.827659 3.685834 2.221 0.00670604 0.000
25500.00 1691.92 44.153718 0.9833387340020343 0.987158 125.846859 -496773.172205 15.533375 -53.267833 1248.344480 63.556207 -4.463 -4.463 2.831509 3.687829 2.208 0.00697533 0.000
26500.00 1701.39 43.419061 0.9843870491100390 0.987959 124.059680 -486806.656503 15.257593 -51.586710 1238.488115 62.370148 -4.262 -4.262 2.835446 3.689904 2.194 0.00725385 0.000
27500.00 1710.60 42.742162 0.9853718906310815 0.988712 122.411348 -477562.993443 15.002049 -50.014906 1230.112196 61.268127 -4.068 -4.068 2.839464 3.692058 2.181 0.00754191 0.000
28500.00 1719.58 42.117925 0.9862977533056341 0.989420 120.889890 -468976.510198 14.764964 -48.542598 1223.079990 60.242322 -3.879 -3.879 2.843558 3.694292 2.167 0.00783986 0.000
29500.00 1728.34 41.541814 0.9871686838000344 0.990086 119.484612 -460988.812862 14.544751 -47.161076 1217.269718 59.285764 -3.697 -3.697 2.847722 3.696603 2.153 0.00814805 0.000
30500.00 1736.90 41.009778 0.9879883398937273 0.990713 118.185933 -453547.798126 14.339996 -45.862587 1212.572712 58.392212 -3.520 -3.520 2.851952 3.698994 2.139 0.00846687 0.000
31500.00 1746.18 40.518183 0.9855891545535449 0.988301 116.985238 -446606.903610 14.147033 -44.535992 1206.652630 57.525575 -3.427 -3.427 2.856218 3.527960 2.123 0.00884753 0.000
32500.00 1755.80 39.936282 0.9846141664836715 0.987270 115.537202 -438624.634394 13.923696 -43.189393 1198.750339 56.539030 -3.379 -3.379 2.860509 3.466599 2.105 0.0092734 0.000
33500.00 1765.36 39.323829 0.9849883146607631 0.987525 113.999377 -430306.611755 13.691177 -41.886245 1190.621474 55.519265 -3.344 -3.344 2.864825 3.456146 2.086 0.00972529 0.000
34500.00 1774.84 38.735512 0.9853302104292920 0.987788 112.516844 -422295.270341 13.467133 -40.639447 1182.370328 54.533848 -3.320 -3.320 2.869142 3.455272 2.068 0.0102058 0.000
35500.00 1784.04 38.170270 0.9856091460069838 0.988127 111.088144 -414545.799686 13.250277 -39.442919 1171.854484 53.579920 -3.303 -3.303 2.873375 3.491605 2.050 0.0107193 0.000
36500.00 1793.15 37.623967 0.9860575783986089 0.988471 109.706650 -406890.127197 13.042754 -38.309425 1161.932530 52.647581 -3.292 -3.292 2.877620 3.488610 2.033 0.0112598 0.000
37500.00 1802.17 37.102398 0.9864870133464754 0.988802 108.384005 -399550.294877 12.844242 -37.230072 1152.511407 51.750845 -3.288 -3.288 2.881877 3.485883 2.015 0.0118286 0.000
38500.00 1811.10 36.604034 0.9868987667966341 0.989121 107.116708 -392506.256217 12.654195 -36.201453 1143.556141 50.887384 -3.291 -3.291 2.886142 3.483419 1.997 0.0124271 0.000
39500.00 1819.96 36.127476 0.9872940447890243 0.989428 105.901557 -385739.705281 12.472116 -35.220433 1135.034857 50.055068 -3.300 -3.300 2.890413 3.481215 1.978 0.0130567 0.000

Title: Temperature in Celsius

Liquid Composition:
Pressure Temperature mass SiO2 TiO2 Al2O3 Fe2O3 Cr2O3 FeO MgO CaO Na2O K2O P2O5 H2O 
500.00 1421.32 85.251314 49.1783 1.18473 18.0916 1.04397 0.0351901 7.48515 6.40659 13.3764 2.83556 0.0341313 0.0938402 0.2346
1500.00 1427.48 83.506216 49.1829 1.20949 17.9185 1.06579 0.0359255 7.5897 6.3874 13.4065 2.83387 0.0345936 0.0958012 0.239503
2500.00 1433.25 82.013842 49.1843 1.2315 17.7731 1.08518 0.0365792 7.67943 6.36343 13.4393 2.83083 0.0349856 0.0975445 0.243861
3500.00 1446.70 78.444603 49.1474 1.24533 18.1431 1.09044 0.0382435 7.85655 6.04552 13.1153 2.92476 0.0364902 0.101983 0.254957
4500.00 1457.79 75.831468 49.1338 1.25316 18.4345 1.09112 0.0395614 7.98936 5.79489 12.8568 2.99981 0.0376924 0.105497 0.263743
5500.00 1468.44 73.555967 49.1422 1.25483 18.7541 1.0855 0.0407853 8.09574 5.53206 12.598 3.07728 0.0388587 0.108761 0.271902
6500.00 1479.21 71.327103 49.2032 1.25511 19.031 1.07414 0.0334847 8.19667 5.26884 12.3486 3.15622 0.040073 0.112159 0.280398
7500.00 1489.99 69.192418 49.2866 1.25416 19.2834 1.0598 0.0257471 8.29428 5.01349 12.102 3.23449 0.0413093 0.11562 0.289049
8500.00 1500.74 67.161608 49.3813 1.25225 19.5183 1.04336 0.0195193 8.38957 4.76883 11.8562 3.31121 0.0425584 0.119116 0.297789
9500.00 1511.46 65.229417 49.4862 1.24974 19.7363 1.02492 0.0146104 8.48273 4.53497 11.6113 3.38614 0.043819 0.122644 0.30661
10500.00 1522.15 63.390729 49.6 1.24699 19.9381 1.00459 0.0108171 8.57398 4.31194 11.3678 3.45906 0.04509 0.126201 0.315504
11500.00 1532.80 61.640607 49.7215 1.24432 20.1242 0.982502 0.00794117 8.66355 4.09968 11.126 3.52973 0.0463702 0.129785 0.324461
12500.00 1543.42 59.974338 49.8498 1.24203 20.295 0.958793 0.00580064 8.75165 3.89806 10.8864 3.59797 0.0476585 0.13339 0.333476
13500.00 1554.01 58.387482 49.9841 1.24035 20.4508 0.933614 0.00423599 8.83853 3.70692 10.6494 3.66357 0.0489538 0.137016 0.342539
14500.00 1567.29 56.450803 50.2996 1.28294 20.3617 0.965747 0.00444732 8.68033 3.41035 10.659 3.78928 0.0506332 0.141716 0.354291
15500.00 1580.50 54.637432 50.6176 1.32552 20.273 0.997799 0.00459493 8.52064 3.12351 10.6575 3.91504 0.0523137 0.14642 0.366049
16500.00 1593.27 52.997292 50.9255 1.36654 20.1885 1.02868 0.00473713 8.36532 2.85638 10.6459 4.0362 0.0539327 0.150951 0.377378
17500.00 1605.63 51.509501 51.2232 1.40601 20.108 1.05839 0.00487395 8.21441 2.60791 10.6253 4.15278 0.0554905 0.155311 0.388278
18500.00 1617.59 50.156374 51.5107 1.44394 20.0314 1.08694 0.00500544 8.06794 2.37707 10.5969 4.26481 0.0569875 0.159501 0.398753
19500.00 1629.19 48.922838 51.788 1.48035 19.9586 1.11435 0.00513165 7.92592 2.1629 10.5616 4.37235 0.0584244 0.163523 0.408807
20500.00 1640.43 47.795959 52.0549 1.51525 19.8896 1.14062 0.00525264 7.78836 1.96446 10.5205 4.47543 0.0598019 0.167378 0.418445
21500.00 1651.33 46.764584 52.3117 1.54867 19.824 1.16578 0.00536848 7.65525 1.78087 10.4743 4.57414 0.0611208 0.17107 0.427674
22500.00 1661.92 45.819035 52.5583 1.58063 19.762 1.18984 0.00547927 7.52659 1.61126 10.4239 4.66853 0.0623821 0.1746 0.4365
23500.00 1672.20 44.950876 52.7948 1.61116 19.7033 1.21282 0.0055851 7.40234 1.45483 10.37 4.7587 0.0635869 0.177972 0.44493
24500.00 1682.20 44.152718 53.0214 1.64028 19.6478 1.23474 0.00568606 7.28248 1.31077 10.3132 4.84472 0.0647364 0.181189 0.452973
25500.00 1691.92 43.418061 53.2382 1.66804 19.5954 1.25563 0.00578227 7.16697 1.17835 10.2542 4.9267 0.0658318 0.184255 0.460638
26500.00 1701.39 42.741162 53.4454 1.69445 19.546 1.27552 0.00587384 7.05575 1.05683 10.1935 5.00472 0.0668744 0.187173 0.467933
27500.00 1710.60 42.116925 53.6432 1.71957 19.4994 1.29443 0.0059609 6.94878 0.945536 10.1315 5.0789 0.0678655 0.189947 0.474868
28500.00 1719.58 41.540814 53.8316 1.74341 19.4557 1.31238 0.00604357 6.84599 0.843802 10.0689 5.14934 0.0688067 0.192582 0.481454
29500.00 1728.34 41.008778 54.0111 1.76603 19.4145 1.3294 0.00612198 6.74732 0.750997 10.0059 5.21614 0.0696994 0.19508 0.4877
30500.00 1736.90 40.517183 54.1817 1.78746 19.3759 1.34553 0.00619626 6.6527 0.666521 9.94287 5.27943 0.0705451 0.197447 0.493618
31500.00 1746.18 39.934282 54.3722 1.80887 19.3231 1.31853 0.0062867 6.61907 0.599222 9.85782 5.32215 0.0715748 0.200329 0.500823
32500.00 1755.80 39.321829 54.5708 1.83056 19.2586 1.27029 0.00638462 6.61756 0.543099 9.76569 5.35222 0.0726896 0.203449 0.508623
33500.00 1765.36 38.733512 54.7658 1.85212 19.1892 1.21944 0.0064816 6.62321 0.493194 9.67671 5.37721 0.0737937 0.206539 0.516349
34500.00 1774.84 38.167270 54.9713 1.87375 19.0894 1.16813 0.00657775 6.63737 0.449893 9.5963 5.39881 0.0748884 0.209604 0.524009
35500.00 1784.04 37.620967 55.2405 1.89595 18.8657 1.12291 0.00667327 6.66544 0.41583 9.54361 5.42319 0.0759759 0.212647 0.531618
36500.00 1793.15 37.099398 55.5049 1.9179 18.6398 1.07766 0.00676709 6.69654 0.385148 9.495 5.4445 0.077044 0.215637 0.539092
37500.00 1802.17 36.601034 55.7648 1.93961 18.4118 1.03261 0.00685923 6.73043 0.357522 9.45044 5.46291 0.0780931 0.218573 0.546433
38500.00 1811.10 36.124476 56.0201 1.96106 18.1818 0.987938 0.00694972 6.76689 0.33266 9.40984 5.47862 0.0791233 0.221456 0.553641
39500.00 1819.96 35.668442 56.2709 1.98226 17.9499 0.943828 0.00703857 6.80571 0.310299 9.37312 5.4918 0.0801349 0.224288 0.56072
Title: Temperature in Celsius

liquid_0 thermodynamic data and composition:
Pressure Temperature mass S H V Cp viscosity SiO2 TiO2 Al2O3 Fe2O3 Cr2O3 FeO MgO CaO Na2O K2O P2O5 H2O Mg#
500.00 1421.32 85.251314 223.762838 -1063976.438006 31.896276 128.871825 2.671 49.1783 1.18473 18.0916 1.04397 0.0351901 7.48515 6.40659 13.3764 2.83556 0.0341313 0.0938402 0.2346 60.4
1500.00 1427.48 83.506216 219.543319 -1037135.629490 31.068984 126.168025 2.634 49.1829 1.20949 17.9185 1.06579 0.0359255 7.5897 6.3874 13.4065 2.83387 0.0345936 0.0958012 0.239503 60.0
2500.00 1433.25 82.013842 215.926934 -1013895.274525 30.350813 123.851939 2.600 49.1843 1.2315 17.7731 1.08518 0.0365792 7.67943 6.36343 13.4393 2.83083 0.0349856 0.0975445 0.243861 59.6
3500.00 1446.70 78.444603 207.574257 -964450.454881 28.929061 118.241585 2.560 49.1474 1.24533 18.1431 1.09044 0.0382435 7.85655 6.04552 13.1153 2.92476 0.0364902 0.101983 0.254957 57.8
4500.00 1457.79 75.831468 201.444124 -927784.617523 27.864082 114.130769 2.528 49.1338 1.25316 18.4345 1.09112 0.0395614 7.98936 5.79489 12.8568 2.99981 0.0376924 0.105497 0.263743 56.3
5500.00 1468.44 73.555967 196.113860 -895900.027512 26.937216 110.536353 2.503 49.1422 1.25483 18.7541 1.0855 0.0407853 8.09574 5.53206 12.598 3.07728 0.0388587 0.108761 0.271902 54.9
6500.00 1479.21 71.327103 190.875943 -864897.802309 26.040214 107.009883 2.483 49.2032 1.25511 19.031 1.07414 0.0334847 8.19667 5.26884 12.3486 3.15622 0.040073 0.112159 0.280398 53.4
7500.00 1489.99 69.192418 185.842770 -835309.344173 25.186067 103.631421 2.464 49.2866 1.25416 19.2834 1.0598 0.0257471 8.29428 5.01349 12.102 3.23449 0.0413093 0.11562 0.289049 51.8
8500.00 1500.74 67.161608 181.038859 -807225.643856 24.376456 100.417524 2.445 49.3813 1.25225 19.5183 1.04336 0.0195193 8.38957 4.76883 11.8562 3.31121 0.0425584 0.119116 0.297789 50.3
9500.00 1511.46 65.229417 176.453494 -780563.941489 23.608755 97.359468 2.427 49.4862 1.24974 19.7363 1.02492 0.0146104 8.48273 4.53497 11.6113 3.38614 0.043819 0.122644 0.30661 48.8
10500.00 1522.15 63.390729 172.076123 -755244.318407 22.880478 94.448786 2.409 49.6 1.24699 19.9381 1.00459 0.0108171 8.57398 4.31194 11.3678 3.45906 0.04509 0.126201 0.315504 47.3
11500.00 1532.80 61.640607 167.896461 -731190.074227 22.189278 91.677322 2.391 49.7215 1.24432 20.1242 0.982502 0.00794117 8.66355 4.09968 11.126 3.52973 0.0463702 0.129785 0.324461 45.7
12500.00 1543.42 59.974338 163.904624 -708328.305138 21.532953 89.037310 2.374 49.8498 1.24203 20.295 0.958793 0.00580064 8.75165 3.89806 10.8864 3.59797 0.0476585 0.13339 0.333476 44.2
13500.00 1554.01 58.387482 160.091247 -686590.436822 20.909459 86.521441 2.356 49.9841 1.24035 20.4508 0.933614 0.00423599 8.83853 3.70692 10.6494 3.66357 0.0489538 0.137016 0.342539 42.8
14500.00 1567.29 56.450803 155.473444 -661180.522395 20.195519 83.476270 2.343 50.2996 1.28294 20.3617 0.965747 0.00444732 8.68033 3.41035 10.659 3.78928 0.0506332 0.141716 0.354291 41.2
15500.00 1580.50 54.637432 151.138099 -637422.122264 19.528200 80.622680 2.331 50.6176 1.32552 20.273 0.997799 0.00459493 8.52064 3.12351 10.6575 3.91504 0.0523137 0.14642 0.366049 39.5
16500.00 1593.27 52.997292 147.207254 -615892.688041 18.923018 78.037089 2.319 50.9255 1.36654 20.1885 1.02868 0.00473713 8.36532 2.85638 10.6459 4.0362 0.0539327 0.150951 0.377378 37.8
17500.00 1605.63 51.509501 143.633423 -596319.259049 18.372470 75.686548 2.307 51.2232 1.40601 20.108 1.05839 0.00487395 8.21441 2.60791 10.6253 4.15278 0.0554905 0.155311 0.388278 36.1
18500.00 1617.59 50.156374 140.376247 -578470.921589 17.870206 73.543172 2.295 51.5107 1.44394 20.0314 1.08694 0.00500544 8.06794 2.37707 10.5969 4.26481 0.0569875 0.159501 0.398753 34.4
19500.00 1629.19 48.922838 137.401197 -562151.028557 17.410810 71.583198 2.283 51.788 1.48035 19.9586 1.11435 0.00513165 7.92592 2.1629 10.5616 4.37235 0.0584244 0.163523 0.408807 32.7
20500.00 1640.43 47.795959 134.678552 -547191.077530 16.989641 69.786249 2.271 52.0549 1.51525 19.8896 1.14062 0.00525264 7.78836 1.96446 10.5205 4.47543 0.0598019 0.167378 0.418445 31.0
21500.00 1651.33 46.764584 132.182583 -533445.850737 16.602691 68.134754 2.258 52.3117 1.54867 19.824 1.16578 0.00536848 7.65525 1.78087 10.4743 4.57414 0.0611208 0.17107 0.427674 29.3
22500.00 1661.92 45.819035 129.890899 -520789.524775 16.246488 66.613471 2.246 52.5583 1.58063 19.762 1.18984 0.00547927 7.52659 1.61126 10.4239 4.66853 0.0623821 0.1746 0.4365 27.6
23500.00 1672.20 44.950876 127.783917 -509112.532461 15.918002 65.209116 2.233 52.7948 1.61116 19.7033 1.21282 0.0055851 7.40234 1.45483 10.37 4.7587 0.0635869 0.177972 0.44493 25.9
24500.00 1682.20 44.152718 125.844429 -498319.013144 15.614581 63.910052 2.221 53.0214 1.64028 19.6478 1.23474 0.00568606 7.28248 1.31077 10.3132 4.84472 0.0647364 0.181189 0.452973 24.3
25500.00 1691.92 43.418061 124.057247 -488324.727097 15.333893 62.706040 2.208 53.2382 1.66804 19.5954 1.25563 0.00578227 7.16697 1.17835 10.2542 4.9267 0.0658318 0.184255 0.460638 22.6
26500.00 1701.39 42.741162 122.408913 -479055.338712 15.073876 61.588032 2.194 53.4454 1.69445 19.546 1.27552 0.00587384 7.05575 1.05683 10.1935 5.00472 0.0668744 0.187173 0.467933 21.0
27500.00 1710.60 42.116925 120.887452 -470444.994879 14.832703 60.547995 2.181 53.6432 1.71957 19.4994 1.29443 0.0059609 6.94878 0.945536 10.1315 5.0789 0.0678655 0.189947 0.474868 19.5
28500.00 1719.58 41.540814 119.482172 -462435.141177 14.608747 59.578778 2.167 53.8316 1.74341 19.4557 1.31238 0.00604357 6.84599 0.843802 10.0689 5.14934 0.0688067 0.192582 0.481454 18.0
29500.00 1728.34 41.008778 118.183492 -454973.530875 14.400555 58.673982 2.153 54.0111 1.76603 19.4145 1.3294 0.00612198 6.74732 0.750997 10.0059 5.21614 0.0696994 0.19508 0.4877 16.5
30500.00 1736.90 40.517183 116.982796 -448013.391226 14.206826 57.827869 2.139 54.1817 1.78746 19.3759 1.34553 0.00619626 6.6527 0.666521 9.94287 5.27943 0.0705451 0.197447 0.493618 15.1
31500.00 1746.18 39.934282 115.532231 -439997.290405 13.981527 56.844550 2.123 54.3722 1.80887 19.3231 1.31853 0.0062867 6.61907 0.599222 9.85782 5.32215 0.0715748 0.200329 0.500823 13.9
32500.00 1755.80 39.321829 113.994398 -431655.970066 13.746446 55.816517 2.105 54.5708 1.83056 19.2586 1.27029 0.00638462 6.61756 0.543099 9.76569 5.35222 0.0726896 0.203449 0.508623 12.7
33500.00 1765.36 38.733512 112.511855 -423622.218038 13.520374 54.823487 2.086 54.7658 1.85212 19.1892 1.21944 0.0064816 6.62321 0.493194 9.67671 5.37721 0.0737937 0.206539 0.516349 11.7
34500.00 1774.84 38.167270 111.080678 -415837.259539 13.302677 53.860896 2.068 54.9713 1.87375 19.0894 1.16813 0.00657775 6.63737 0.449893 9.5963 5.39881 0.0748884 0.209604 0.524009 10.7
35500.00 1784.04 37.620967 109.699171 -408160.843495 13.092956 52.920812 2.050 55.2405 1.89595 18.8657 1.12291 0.00667327 6.66544 0.41583 9.54361 5.42319 0.0759759 0.212647 0.531618 10.0
36500.00 1793.15 37.099398 108.376511 -400801.174203 12.892388 52.016950 2.033 55.5049 1.9179 18.6398 1.07766 0.00676709 6.69654 0.385148 9.495 5.4445 0.077044 0.215637 0.539092 9.3
37500.00 1802.17 36.601034 107.109199 -393738.150162 12.700415 51.146936 2.015 55.7648 1.93961 18.4118 1.03261 0.00685923 6.73043 0.357522 9.45044 5.46291 0.0780931 0.218573 0.546433 8.6
38500.00 1811.10 36.124476 105.894034 -386953.415059 12.516527 50.308595 1.997 56.0201 1.96106 18.1818 0.987938 0.00694972 6.76689 0.33266 9.40984 5.47862 0.0791233 0.221456 0.553641 8.0
39500.00 1819.96 35.668442 104.728078 -380430.175562 12.340256 49.499932 1.978 56.2709 1.98226 17.9499 0.943828 0.00703857 6.80571 0.310299 9.37312 5.4918 0.0801349 0.224288 0.56072 7.5

olivine_0 thermodynamic data and composition:
Pressure Temperature mass S H V Cp formula SiO2 TiO2 Al2O3 Fe2O3 Cr2O3 FeO MgO CaO Na2O K2O P2O5 H2O
500.00 1421.32 8.123276 19.378835 -100974.179750 2.486000 10.097599 (Ca0.01Mg0.84Fe''0.16Mn0.00Co0.00Ni0.00)2SiO4 39.8594 0 0 0 0 14.8809 44.7886 0.471169 0 0 0 0
1500.00 1427.48 0.287564 0.686916 -3556.615960 0.087878 0.357142 (Ca0.01Mg0.84Fe''0.16Mn0.00Co0.00Ni0.00)2SiO4 39.8166 0 0 0 0 15.1144 44.6067 0.462293 0 0 0 0
2500.00 1433.25 0.259753 0.621215 -3197.134751 0.079269 0.322326 (Ca0.01Mg0.84Fe''0.16Mn0.00Co0.00Ni0.00)2SiO4 39.777 0 0 0 0 15.3315 44.4384 0.453108 0 0 0 0

clinopyroxene_0 thermodynamic data and composition:
Pressure Temperature mass S H V Cp structure formula SiO2 TiO2 Al2O3 Fe2O3 Cr2O3 FeO MgO CaO Na2O K2O P2O5 H2O
3500.00 1446.70 3.147223 7.322583 -40646.077407 0.972575 3.732917 cpx Na0.03Ca0.84Fe''0.13Mg0.83Fe'''0.03Ti0.03Al0.29Si1.82O6 49.8436 1.05198 6.72489 1.09977 0 4.29933 15.1547 21.4471 0.378674 0 0 0
4500.00 1457.79 2.362890 5.516958 -30370.472973 0.728555 2.800346 cpx Na0.03Ca0.84Fe''0.14Mg0.80Fe'''0.03Ti0.03Al0.32Si1.81O6 49.3664 1.12619 7.38993 1.18456 0 4.42817 14.7356 21.3347 0.434394 0 0 0
5500.00 1468.44 2.277501 5.335049 -29136.026276 0.700592 2.696830 cpx Na0.04Ca0.83Fe''0.14Mg0.78Fe'''0.04Ti0.03Al0.35Si1.79O6 48.8628 1.19867 8.11393 1.27199 0 4.54878 14.2848 21.222 0.497032 0 0 0
6500.00 1479.21 2.174633 5.110816 -27691.097144 0.667449 2.573088 cpx Na0.04Ca0.83Fe''0.14Mg0.76Fe'''0.04Ti0.03Al0.38Si1.78O6 48.3895 1.25761 8.8238 1.35435 0 4.66942 13.8404 21.1001 0.564912 0 0 0
7500.00 1489.99 2.071784 4.884960 -26260.940076 0.634498 2.449788 cpx Na0.05Ca0.83Fe''0.15Mg0.73Fe'''0.04Ti0.04Al0.41Si1.76O6 47.9374 1.30395 9.53266 1.43432 0 4.78661 13.3982 20.9685 0.638368 0 0 0
8500.00 1500.74 1.974009 4.669431 -24909.409317 0.603278 2.332883 cpx Na0.05Ca0.82Fe''0.15Mg0.71Fe'''0.04Ti0.04Al0.44Si1.75O6 47.5049 1.33755 10.2444 1.51223 0 4.89892 12.9579 20.8265 0.717642 0 0 0
9500.00 1511.46 1.881784 4.465509 -23641.430999 0.573923 2.222911 cpx Na0.06Ca0.81Fe''0.15Mg0.69Fe'''0.04Ti0.04Al0.47Si1.73O6 47.0943 1.35799 10.957 1.58741 0 5.00589 12.5212 20.6733 0.802885 0 0 0
10500.00 1522.15 1.794713 4.272402 -22450.890498 0.546296 2.119372 cpx Na0.06Ca0.81Fe''0.16Mg0.66Fe'''0.05Ti0.04Al0.51Si1.72O6 46.7072 1.36547 11.6688 1.65925 0 5.107 12.0892 20.5088 0.894212 0 0 0
11500.00 1532.80 1.712423 4.089351 -21332.046400 0.520271 2.021793 cpx Na0.07Ca0.80Fe''0.16Mg0.64Fe'''0.05Ti0.04Al0.54Si1.71O6 46.3443 1.3607 12.3785 1.72712 0 5.20168 11.6631 20.333 0.991677 0 0 0
12500.00 1543.42 1.634543 3.915591 -20279.259971 0.495720 1.929700 cpx Na0.08Ca0.79Fe''0.16Mg0.62Fe'''0.05Ti0.04Al0.57Si1.69O6 46.0056 1.34482 13.0848 1.79046 0 5.28935 11.2437 20.146 1.09525 0 0 0
13500.00 1554.01 1.560702 3.750331 -19286.929971 0.472518 1.842616 cpx Na0.09Ca0.79Fe''0.17Mg0.59Fe'''0.05Ti0.04Al0.60Si1.68O6 45.6911 1.31929 13.7863 1.84872 0 5.3695 10.8319 19.9484 1.2048 0 0 0
31500.00 1746.18 0.316386 0.798986 -3618.556444 0.093246 0.375057 cpx Na0.31Ca0.63Fe''0.13Mg0.19Fe'''0.16Ti0.02Al1.01Si1.55O6 42.1774 0.591048 23.3528 5.88778 0 4.12232 3.42706 16.1072 4.3345 0 0 0
32500.00 1755.80 0.462736 1.171463 -5280.874370 0.136305 0.549264 cpx Na0.32Ca0.62Fe''0.12Mg0.18Fe'''0.16Ti0.02Al1.03Si1.55O6 42.1976 0.552083 23.7681 5.85675 0 4.0544 3.20497 15.8678 4.49831 0 0 0
33500.00 1765.36 0.469185 1.190703 -5343.661393 0.138142 0.557672 cpx Na0.33Ca0.61Fe''0.12Mg0.16Fe'''0.16Ti0.01Al1.04Si1.55O6 42.2334 0.516326 24.1653 5.80357 0 3.98785 3.00097 15.6348 4.65777 0 0 0
34500.00 1774.84 0.462387 1.176295 -5255.520870 0.136088 0.550322 cpx Na0.34Ca0.60Fe''0.12Mg0.15Fe'''0.16Ti0.01Al1.06Si1.55O6 42.2944 0.484544 24.5115 5.74078 0 3.92713 2.82094 15.4085 4.81219 0 0 0
35500.00 1784.04 0.410674 1.047183 -4655.387686 0.120823 0.489298 cpx Na0.35Ca0.60Fe''0.12Mg0.15Fe'''0.16Ti0.01Al1.06Si1.55O6 42.418 0.459763 24.688 5.71059 0 3.88755 2.6875 15.1887 4.95982 0 0 0
36500.00 1793.15 0.400224 1.022892 -4525.225544 0.117708 0.477363 cpx Na0.36Ca0.59Fe''0.12Mg0.14Fe'''0.16Ti0.01Al1.07Si1.56O6 42.5475 0.436752 24.856 5.6721 0 3.84734 2.56277 14.9725 5.10511 0 0 0
37500.00 1802.17 0.389568 0.997924 -4393.650368 0.114539 0.465160 cpx Na0.37Ca0.58Fe''0.12Mg0.13Fe'''0.15Ti0.01Al1.08Si1.56O6 42.682 0.415374 25.0159 5.62627 0 3.80652 2.44622 14.7597 5.24807 0 0 0
38500.00 1811.10 0.378781 0.972470 -4261.452193 0.111337 0.452773 cpx Na0.38Ca0.57Fe''0.11Mg0.13Fe'''0.15Ti0.01Al1.08Si1.56O6 42.8212 0.395498 25.1679 5.57395 0 3.76511 2.33737 14.5503 5.38872 0 0 0
39500.00 1819.96 0.367923 0.946688 -4129.281145 0.108118 0.440276 cpx Na0.39Ca0.56Fe''0.11Mg0.12Fe'''0.15Ti0.01Al1.09Si1.57O6 42.9644 0.377007 25.3123 5.51595 0 3.72314 2.23576 14.3443 5.5271 0 0 0

garnet_0 thermodynamic data and composition:
Pressure Temperature mass S H V Cp formula SiO2 TiO2 Al2O3 Fe2O3 Cr2O3 FeO MgO CaO Na2O K2O P2O5 H2O
14500.00 1567.29 1.938679 4.622616 -23352.201420 0.528194 2.275243 (Ca0.27Fe''0.28Mg0.45)3Al2Si3O12 40.7698 0 23.0617 0 0 13.4471 12.353 10.3684 0 0 0 0
15500.00 1580.50 1.814371 4.337730 -21759.644018 0.494170 2.126900 (Ca0.28Fe''0.28Mg0.44)3Al2Si3O12 40.719 0 23.033 0 0 13.4917 12.0532 10.7032 0 0 0 0
16500.00 1593.27 1.641140 3.933236 -19596.604800 0.446836 1.921505 (Ca0.29Fe''0.28Mg0.43)3Al2Si3O12 40.6681 0 23.0042 0 0 13.5394 11.7553 11.0331 0 0 0 0
17500.00 1605.63 1.488791 3.576227 -17700.404682 0.405208 1.740930 (Ca0.30Fe''0.28Mg0.42)3Al2Si3O12 40.6173 0 22.9754 0 0 13.59 11.4591 11.3582 0 0 0 0
18500.00 1617.59 1.354127 3.259578 -16029.732628 0.368414 1.581381 (Ca0.31Fe''0.28Mg0.41)3Al2Si3O12 40.5664 0 22.9467 0 0 13.6437 11.1645 11.6787 0 0 0 0
19500.00 1629.19 1.234537 2.977457 -14550.945626 0.335740 1.439758 (Ca0.32Fe''0.28Mg0.40)3Al2Si3O12 40.5155 0 22.9179 0 0 13.7005 10.8714 11.9947 0 0 0 0
20500.00 1640.43 1.127878 2.725057 -13236.430892 0.306601 1.313517 (Ca0.33Fe''0.28Mg0.39)3Al2Si3O12 40.4646 0 22.8891 0 0 13.7604 10.5797 12.3062 0 0 0 0
21500.00 1651.33 1.032375 2.498385 -12063.360264 0.280512 1.200547 (Ca0.33Fe''0.29Mg0.38)3Al2Si3O12 40.4135 0 22.8602 0 0 13.8235 10.2892 12.6135 0 0 0 0
22500.00 1661.92 0.946549 2.294104 -11012.733403 0.257069 1.099092 (Ca0.34Fe''0.29Mg0.37)3Al2Si3O12 40.3624 0 22.8313 0 0 13.8899 9.99988 12.9165 0 0 0 0
23500.00 1672.20 0.869159 2.109406 -10068.636021 0.235933 1.007675 (Ca0.35Fe''0.29Mg0.36)3Al2Si3O12 40.3111 0 22.8023 0 0 13.9596 9.71153 13.2155 0 0 0 0
24500.00 1682.20 0.799157 1.941915 -9217.659799 0.216819 0.925052 (Ca0.36Fe''0.29Mg0.35)3Al2Si3O12 40.2597 0 22.7732 0 0 14.0327 9.42408 13.5104 0 0 0 0
25500.00 1691.92 0.735657 1.789612 -8448.445108 0.199482 0.850166 (Ca0.37Fe''0.29Mg0.34)3Al2Si3O12 40.2081 0 22.744 0 0 14.1092 9.13744 13.8013 0 0 0 0
26500.00 1701.39 0.677900 1.650767 -7751.317791 0.183717 0.782117 (Ca0.38Fe''0.30Mg0.33)3Al2Si3O12 40.1563 0 22.7147 0 0 14.1893 8.85153 14.0883 0 0 0 0
27500.00 1710.60 0.625237 1.523896 -7117.998564 0.169346 0.720131 (Ca0.38Fe''0.30Mg0.32)3Al2Si3O12 40.1042 0 22.6852 0 0 14.273 8.56629 14.3713 0 0 0 0
28500.00 1719.58 0.577110 1.407717 -6541.369021 0.156217 0.663545 (Ca0.39Fe''0.30Mg0.31)3Al2Si3O12 40.052 0 22.6557 0 0 14.3603 8.28166 14.6504 0 0 0 0
29500.00 1728.34 0.533036 1.301120 -6015.281987 0.144196 0.611782 (Ca0.40Fe''0.30Mg0.30)3Al2Si3O12 39.9995 0 22.626 0 0 14.4513 7.99762 14.9256 0 0 0 0
30500.00 1736.90 0.492596 1.203137 -5534.406900 0.133170 0.564343 (Ca0.41Fe''0.30Mg0.29)3Al2Si3O12 39.9468 0 22.5962 0 0 14.5461 7.71414 15.1968 0 0 0 0
31500.00 1746.18 0.267516 0.654021 -2991.056760 0.072261 0.305967 (Ca0.41Fe''0.31Mg0.28)3Al2Si3O12 39.8962 0 22.5675 0 0 14.6945 7.4743 15.3675 0 0 0 0
32500.00 1755.80 0.151717 0.371341 -1687.789959 0.040944 0.173249 (Ca0.42Fe''0.31Mg0.27)3Al2Si3O12 39.8476 0 22.5401 0 0 14.8684 7.26152 15.4824 0 0 0 0
33500.00 1765.36 0.121132 0.296818 -1340.732324 0.032660 0.138107 (Ca0.42Fe''0.32Mg0.26)3Al2Si3O12 39.8001 0 22.5132 0 0 15.0458 7.05807 15.5828 0 0 0 0
34500.00 1774.84 0.092845 0.227765 -1022.503687 0.025010 0.105695 (Ca0.42Fe''0.32Mg0.26)3Al2Si3O12 39.7552 0 22.4878 0 0 15.2186 6.86771 15.6708 0 0 0 0
35500.00 1784.04 0.064631 0.158736 -708.452749 0.017396 0.073476 (Ca0.43Fe''0.32Mg0.25)3Al2Si3O12 39.7172 0 22.4663 0 0 15.3578 6.70341 15.7553 0 0 0 0
36500.00 1793.15 0.051763 0.127279 -564.763630 0.013922 0.058769 (Ca0.43Fe''0.33Mg0.25)3Al2Si3O12 39.6806 0 22.4456 0 0 15.4955 6.54703 15.8313 0 0 0 0
37500.00 1802.17 0.040513 0.099731 -439.977635 0.010888 0.045936 (Ca0.43Fe''0.33Mg0.24)3Al2Si3O12 39.6454 0 22.4257 0 0 15.6312 6.39859 15.8991 0 0 0 0
38500.00 1811.10 0.030679 0.075610 -331.652186 0.008239 0.034742 (Ca0.43Fe''0.33Mg0.24)3Al2Si3O12 39.6117 0 22.4066 0 0 15.7645 6.25813 15.959 0 0 0 0
39500.00 1819.96 0.022086 0.054495 -237.671731 0.005927 0.024980 (Ca0.43Fe''0.34Mg0.23)3Al2Si3O12 39.5795 0 22.3884 0 0 15.8952 6.12567 16.0112 0 0 0 0

spinel_0 thermodynamic data and composition:
Pressure Temperature mass S H V Cp formula SiO2 TiO2 Al2O3 Fe2O3 Cr2O3 FeO MgO CaO Na2O K2O P2O5 H2O
6500.00 1479.21 0.055231 0.129444 -640.993000 0.014366 0.066503 Fe''0.28Mg0.74Fe'''0.10Al1.63Cr0.23Ti0.02O4 0 0.790613 51.8856 5.17383 11.0742 12.5866 18.4892 0 0 0 0 0
7500.00 1489.99 0.064901 0.152907 -758.004205 0.016929 0.078499 Fe''0.29Mg0.73Fe'''0.10Al1.67Cr0.20Ti0.01O4 0 0.700041 53.5087 4.93279 9.52124 13.0054 18.3318 0 0 0 0 0
8500.00 1500.74 0.058801 0.139193 -689.614997 0.015368 0.071377 Fe''0.30Mg0.71Fe'''0.09Al1.71Cr0.17Ti0.01O4 0 0.625791 54.8889 4.72381 8.1645 13.4646 18.1324 0 0 0 0 0
9500.00 1511.46 0.052408 0.124588 -615.998847 0.013713 0.063791 Fe''0.31Mg0.70Fe'''0.09Al1.74Cr0.15Ti0.01O4 0 0.564417 56.0553 4.54085 6.98529 13.9588 17.8954 0 0 0 0 0
10500.00 1522.15 0.045975 0.109720 -540.691046 0.012037 0.056076 Fe''0.32Mg0.69Fe'''0.09Al1.77Cr0.12Ti0.01O4 0 0.513331 57.0329 4.37908 5.96645 14.4831 17.6252 0 0 0 0 0
11500.00 1532.80 0.039700 0.095078 -466.462800 0.010394 0.048489 Fe''0.33Mg0.68Fe'''0.08Al1.79Cr0.11Ti0.01O4 0 0.470564 57.8434 4.23464 5.09255 15.0334 17.3255 0 0 0 0 0
12500.00 1543.42 0.033726 0.081030 -395.390313 0.008826 0.041227 Fe''0.34Mg0.67Fe'''0.08Al1.81Cr0.09Ti0.01O4 0 0.434599 58.5053 4.10445 4.34987 15.6058 17 0 0 0 0 0
13500.00 1554.01 0.028154 0.067844 -328.964559 0.007361 0.034429 Fe''0.36Mg0.65Fe'''0.08Al1.83Cr0.08Ti0.01O4 0 0.40425 59.0349 3.98605 3.72626 16.1966 16.652 0 0 0 0 0

feldspar_0 thermodynamic data and composition:
Pressure Temperature mass S H V Cp formula SiO2 TiO2 Al2O3 Fe2O3 Cr2O3 FeO MgO CaO Na2O K2O P2O5 H2O
500.00 1421.32 6.975410 16.858327 -96534.975268 2.625682 8.568650 K0.00Na0.29Ca0.70Al1.70Si2.30O8 50.4199 0 31.7788 0 0 0 0 14.4531 3.33527 0.0129404 0 0
1500.00 1427.48 1.459535 3.537406 -20130.437553 0.549238 1.793760 K0.00Na0.31Ca0.69Al1.69Si2.31O8 50.7546 0 31.553 0 0 0 0 14.1887 3.48929 0.0143658 0 0
2500.00 1433.25 1.234621 2.999982 -16971.280433 0.464417 1.517967 K0.00Na0.32Ca0.68Al1.68Si2.32O8 51.061 0 31.3464 0 0 0 0 13.9467 3.63017 0.0157877 0 0
3500.00 1446.70 0.424016 1.034916 -5806.024140 0.159341 0.521822 K0.00Na0.32Ca0.68Al1.68Si2.32O8 51.1023 0 31.3184 0 0 0 0 13.914 3.64907 0.0161819 0 0
4500.00 1457.79 0.252245 0.617942 -3441.212789 0.094702 0.310658 K0.00Na0.32Ca0.67Al1.67Si2.33O8 51.1787 0 31.2669 0 0 0 0 13.8536 3.68413 0.0166625 0 0

corundum thermodynamic data and composition:
Pressure Temperature mass S H V Cp formula
34500.00 1774.84 0.013009 0.032105 -179.986245 0.003358 0.016934 Al2O3
35500.00 1784.04 0.073998 0.183054 -1021.115756 0.019102 0.096334 Al2O3
36500.00 1793.15 0.072583 0.179969 -998.963820 0.018736 0.094498 Al2O3
37500.00 1802.17 0.071283 0.177149 -978.516713 0.018400 0.092813 Al2O3
38500.00 1811.10 0.070098 0.174593 -959.736779 0.018093 0.091274 Al2O3
39500.00 1819.96 0.069025 0.172297 -942.576844 0.017815 0.089881 Al2O3

Title: Temperature in Celsius

Phase Masses:
Pressure Temperature mass liquid_0 olivine_0 garnet_0 clinopyroxene_0 feldspar_0 corundum spinel_0 
500.00 1421.32 100.350000 85.251314 8.123276 0.000000 0.000000 6.975410 0.000000 0.000000 
1500.00 1427.48 85.253314 83.506216 0.287564 0.000000 0.000000 1.459535 0.000000 0.000000 
2500.00 1433.25 83.508216 82.013842 0.259753 0.000000 0.000000 1.234621 0.000000 0.000000 
3500.00 1446.70 82.015842 78.444603 0.000000 0.000000 3.147223 0.424016 0.000000 0.000000 
4500.00 1457.79 78.446603 75.831468 0.000000 0.000000 2.362890 0.252245 0.000000 0.000000 
5500.00 1468.44 75.833468 73.555967 0.000000 0.000000 2.277501 0.000000 0.000000 0.000000 
6500.00 1479.21 73.556967 71.327103 0.000000 0.000000 2.174633 0.000000 0.000000 0.055231 
7500.00 1489.99 71.329103 69.192418 0.000000 0.000000 2.071784 0.000000 0.000000 0.064901 
8500.00 1500.74 69.194418 67.161608 0.000000 0.000000 1.974009 0.000000 0.000000 0.058801 
9500.00 1511.46 67.163608 65.229417 0.000000 0.000000 1.881784 0.000000 0.000000 0.052408 
10500.00 1522.15 65.231417 63.390729 0.000000 0.000000 1.794713 0.000000 0.000000 0.045975 
11500.00 1532.80 63.392729 61.640607 0.000000 0.000000 1.712423 0.000000 0.000000 0.039700 
12500.00 1543.42 61.642607 59.974338 0.000000 0.000000 1.634543 0.000000 0.000000 0.033726 
13500.00 1554.01 59.976338 58.387482 0.000000 0.000000 1.560702 0.000000 0.000000 0.028154 
14500.00 1567.29 58.389482 56.450803 0.000000 1.938679 0.000000 0.000000 0.000000 0.000000 
15500.00 1580.50 56.451803 54.637432 0.000000 1.814371 0.000000 0.000000 0.000000 0.000000 
16500.00 1593.27 54.638432 52.997292 0.000000 1.641140 0.000000 0.000000 0.000000 0.000000 
17500.00 1605.63 52.998292 51.509501 0.000000 1.488791 0.000000 0.000000 0.000000 0.000000 
18500.00 1617.59 51.510501 50.156374 0.000000 1.354127 0.000000 0.000000 0.000000 0.000000 
19500.00 1629.19 50.157374 48.922838 0.000000 1.234537 0.000000 0.000000 0.000000 0.000000 
20500.00 1640.43 48.923838 47.795959 0.000000 1.127878 0.000000 0.000000 0.000000 0.000000 
21500.00 1651.33 47.796959 46.764584 0.000000 1.032375 0.000000 0.000000 0.000000 0.000000 
22500.00 1661.92 46.765584 45.819035 0.000000 0.946549 0.000000 0.000000 0.000000 0.000000 
23500.00 1672.20 45.820035 44.950876 0.000000 0.869159 0.000000 0.000000 0.000000 0.000000 
24500.00 1682.20 44.951876 44.152718 0.000000 0.799157 0.000000 0.000000 0.000000 0.000000 
25500.00 1691.92 44.153718 43.418061 0.000000 0.735657 0.000000 0.000000 0.000000 0.000000 
26500.00 1701.39 43.419061 42.741162 0.000000 0.677900 0.000000 0.000000 0.000000 0.000000 
27500.00 1710.60 42.742162 42.116925 0.000000 0.625237 0.000000 0.000000 0.000000 0.000000 
28500.00 1719.58 42.117925 41.540814 0.000000 0.577110 0.000000 0.000000 0.000000 0.000000 
29500.00 1728.34 41.541814 41.008778 0.000000 0.533036 0.000000 0.000000 0.000000 0.000000 
30500.00 1736.90 41.009778 40.517183 0.000000 0.492596 0.000000 0.000000 0.000000 0.000000 
31500.00 1746.18 40.518183 39.934282 0.000000 0.267516 0.316386 0.000000 0.000000 0.000000 
32500.00 1755.80 39.936282 39.321829 0.000000 0.151717 0.462736 0.000000 0.000000 0.000000 
33500.00 1765.36 39.323829 38.733512 0.000000 0.121132 0.469185 0.000000 0.000000 0.000000 
34500.00 1774.84 38.735512 38.167270 0.000000 0.092845 0.462387 0.000000 0.013009 0.000000 
35500.00 1784.04 38.170270 37.620967 0.000000 0.064631 0.410674 0.000000 0.073998 0.000000 
36500.00 1793.15 37.623967 37.099398 0.000000 0.051763 0.400224 0.000000 0.072583 0.000000 
37500.00 1802.17 37.102398 36.601034 0.000000 0.040513 0.389568 0.000000 0.071283 0.000000 
38500.00 1811.10 36.604034 36.124476 0.000000 0.030679 0.378781 0.000000 0.070098 0.000000 
39500.00 1819.96 36.127476 35.668442 0.000000 0.022086 0.367923 0.000000 0.069025 0.000000 

Title: Temperature in Celsius

Phase Volumes:
Pressure Temperature mass V liquid_0 olivine_0 garnet_0 clinopyroxene_0 feldspar_0 corundum spinel_0 
500.00 1421.32 100.350000 37.007957 31.896276 2.486000 0.000000 0.000000 2.625682 0.000000 0.000000 
1500.00 1427.48 85.253314 31.706099 31.068984 0.087878 0.000000 0.000000 0.549238 0.000000 0.000000 
2500.00 1433.25 83.508216 30.894499 30.350813 0.079269 0.000000 0.000000 0.464417 0.000000 0.000000 
3500.00 1446.70 82.015842 30.060977 28.929061 0.000000 0.000000 0.972575 0.159341 0.000000 0.000000 
4500.00 1457.79 78.446603 28.687338 27.864082 0.000000 0.000000 0.728555 0.094702 0.000000 0.000000 
5500.00 1468.44 75.833468 27.637807 26.937216 0.000000 0.000000 0.700592 0.000000 0.000000 0.000000 
6500.00 1479.21 73.556967 26.722029 26.040214 0.000000 0.000000 0.667449 0.000000 0.000000 0.014366 
7500.00 1489.99 71.329103 25.837494 25.186067 0.000000 0.000000 0.634498 0.000000 0.000000 0.016929 
8500.00 1500.74 69.194418 24.995102 24.376456 0.000000 0.000000 0.603278 0.000000 0.000000 0.015368 
9500.00 1511.46 67.163608 24.196391 23.608755 0.000000 0.000000 0.573923 0.000000 0.000000 0.013713 
10500.00 1522.15 65.231417 23.438811 22.880478 0.000000 0.000000 0.546296 0.000000 0.000000 0.012037 
11500.00 1532.80 63.392729 22.719943 22.189278 0.000000 0.000000 0.520271 0.000000 0.000000 0.010394 
12500.00 1543.42 61.642607 22.037499 21.532953 0.000000 0.000000 0.495720 0.000000 0.000000 0.008826 
13500.00 1554.01 59.976338 21.389338 20.909459 0.000000 0.000000 0.472518 0.000000 0.000000 0.007361 
14500.00 1567.29 58.389482 20.723713 20.195519 0.000000 0.528194 0.000000 0.000000 0.000000 0.000000 
15500.00 1580.50 56.451803 20.022370 19.528200 0.000000 0.494170 0.000000 0.000000 0.000000 0.000000 
16500.00 1593.27 54.638432 19.369854 18.923018 0.000000 0.446836 0.000000 0.000000 0.000000 0.000000 
17500.00 1605.63 52.998292 18.777679 18.372470 0.000000 0.405208 0.000000 0.000000 0.000000 0.000000 
18500.00 1617.59 51.510501 18.238619 17.870206 0.000000 0.368414 0.000000 0.000000 0.000000 0.000000 
19500.00 1629.19 50.157374 17.746550 17.410810 0.000000 0.335740 0.000000 0.000000 0.000000 0.000000 
20500.00 1640.43 48.923838 17.296241 16.989641 0.000000 0.306601 0.000000 0.000000 0.000000 0.000000 
21500.00 1651.33 47.796959 16.883203 16.602691 0.000000 0.280512 0.000000 0.000000 0.000000 0.000000 
22500.00 1661.92 46.765584 16.503557 16.246488 0.000000 0.257069 0.000000 0.000000 0.000000 0.000000 
23500.00 1672.20 45.820035 16.153935 15.918002 0.000000 0.235933 0.000000 0.000000 0.000000 0.000000 
24500.00 1682.20 44.951876 15.831400 15.614581 0.000000 0.216819 0.000000 0.000000 0.000000 0.000000 
25500.00 1691.92 44.153718 15.533375 15.333893 0.000000 0.199482 0.000000 0.000000 0.000000 0.000000 
26500.00 1701.39 43.419061 15.257593 15.073876 0.000000 0.183717 0.000000 0.000000 0.000000 0.000000 
27500.00 1710.60 42.742162 15.002049 14.832703 0.000000 0.169346 0.000000 0.000000 0.000000 0.000000 
28500.00 1719.58 42.117925 14.764964 14.608747 0.000000 0.156217 0.000000 0.000000 0.000000 0.000000 
29500.00 1728.34 41.541814 14.544751 14.400555 0.000000 0.144196 0.000000 0.000000 0.000000 0.000000 
30500.00 1736.90 41.009778 14.339996 14.206826 0.000000 0.133170 0.000000 0.000000 0.000000 0.000000 
31500.00 1746.18 40.518183 14.147033 13.981527 0.000000 0.072261 0.093246 0.000000 0.000000 0.000000 
32500.00 1755.80 39.936282 13.923696 13.746446 0.000000 0.040944 0.136305 0.000000 0.000000 0.000000 
33500.00 1765.36 39.323829 13.691177 13.520374 0.000000 0.032660 0.138142 0.000000 0.000000 0.000000 
34500.00 1774.84 38.735512 13.467133 13.302677 0.000000 0.025010 0.136088 0.000000 0.003358 0.000000 
35500.00 1784.04 38.170270 13.250277 13.092956 0.000000 0.017396 0.120823 0.000000 0.019102 0.000000 
36500.00 1793.15 37.623967 13.042754 12.892388 0.000000 0.013922 0.117708 0.000000 0.018736 0.000000 
37500.00 1802.17 37.102398 12.844242 12.700415 0.000000 0.010888 0.114539 0.000000 0.018400 0.000000 
38500.00 1811.10 36.604034 12.654195 12.516527 0.000000 0.008239 0.111337 0.000000 0.018093 0.000000 
39500.00 1819.96 36.127476 12.472116 12.340256 0.000000 0.005927 0.108118 0.000000 0.017815 0.000000 

Title: Temperature in Celsius

Solid Composition:
Pressure Temperature mass SiO2 TiO2 Al2O3 Fe2O3 Cr2O3 FeO MgO CaO Na2O K2O P2O5 H2O 
500.00 1421.32 15.098686 44.7382 2.20314e-14 14.6814 1.17699e-12 1.36426e-16 8.00609 24.0968 6.93064 1.54085 0.00597832 6.62526e-15 0
1500.00 1427.48 1.747099 48.9543 0 26.3596 0 0 2.48776 7.34204 11.9294 2.91497 0.0120013 -8.80869e-16 0
2500.00 1433.25 1.494373 49.0996 0 25.8977 0 0 2.66492 7.7243 11.6012 2.99917 0.0130434 -2.05968e-15 0
3500.00 1446.70 3.571239 49.993 0.927076 9.6449 0.969193 0 3.78886 13.3553 20.5527 0.76697 0.00192129 4.30933e-15 0
4500.00 1457.79 2.615135 49.5412 1.01757 9.693 1.07031 0 4.00105 13.3143 20.6131 0.747849 0.00160719 2.35394e-15 0
5500.00 1468.44 2.277501 48.8628 1.19867 8.11393 1.27199 0 4.54878 14.2848 21.222 0.497032 0 2.7029e-15 0
6500.00 1479.21 2.229864 47.1909 1.24604 9.89039 1.44895 0.274292 4.86552 13.9555 20.5775 0.55092 -2.29017e-16 0 0
7500.00 1489.99 2.136685 46.4813 1.28561 10.8684 1.54058 0.289202 5.03625 13.548 20.3316 0.618978 4.78009e-16 0 0
8500.00 1500.74 2.032810 46.1307 1.31696 11.5358 1.60512 0.236167 5.14669 13.1076 20.224 0.696884 2.51218e-16 0 0
9500.00 1511.46 1.934192 45.8183 1.33649 12.179 1.66744 0.189269 5.24847 12.6668 20.1132 0.781131 -2.64026e-16 1.59133e-15 0
10500.00 1522.15 1.840688 45.5406 1.34419 12.8019 1.72718 0.149025 5.34119 12.2275 19.9966 0.871877 -2.77438e-16 1.67216e-15 0
11500.00 1532.80 1.752122 45.2942 1.34053 13.4086 1.78394 0.115387 5.42445 11.7914 19.8723 0.969208 0 -1.75669e-15 0
12500.00 1543.42 1.668269 45.0756 1.32642 14.003 1.83723 0.0879364 5.49791 11.3601 19.7387 1.07311 -3.06112e-16 0 0
13500.00 1554.01 1.588856 44.8814 1.30307 14.5881 1.88659 0.0660289 5.56135 10.935 19.5949 1.18345 0 1.9372e-15 0
14500.00 1567.29 1.938679 40.7698 -7.14932e-15 23.0617 0 -2.65626e-17 13.4471 12.353 10.3684 -2.21834e-14 0 -1.58764e-15 0
15500.00 1580.50 1.814371 40.719 -7.63914e-15 23.033 -3.81705e-15 0 13.4917 12.0532 10.7032 2.37033e-14 0 0 0
16500.00 1593.27 1.641140 40.6681 0 23.0042 0 0 13.5394 11.7553 11.0331 2.62053e-14 0 0 0
17500.00 1605.63 1.488791 40.6173 0 22.9754 -4.65179e-15 0 13.59 11.4591 11.3582 0 0 -1.0337e-15 0
18500.00 1617.59 1.354127 40.5664 1.02356e-14 22.9467 5.1144e-15 0 13.6437 11.1645 11.6787 0 0 0 0
19500.00 1629.19 1.234537 40.5155 1.12271e-14 22.9179 -5.60983e-15 0 13.7005 10.8714 11.9947 0 0 1.24659e-15 0
20500.00 1640.43 1.127878 40.4646 -1.22888e-14 22.8891 0 0 13.7604 10.5797 12.3062 7.62609e-14 0 1.36448e-15 0
21500.00 1651.33 1.032375 40.4135 -1.34256e-14 22.8602 0 0 13.8235 10.2892 12.6135 0 0 -1.4907e-15 0
22500.00 1661.92 0.946549 40.3624 0 22.8313 7.31662e-15 0 13.8899 9.99988 12.9165 0 0 0 0
23500.00 1672.20 0.869159 40.3111 -1.59467e-14 22.8023 0 0 13.9596 9.71153 13.2155 4.94806e-14 0 0 0
24500.00 1682.20 0.799157 40.2597 1.73436e-14 22.7732 0 0 14.0327 9.42408 13.5104 0 0 1.92574e-15 0
25500.00 1691.92 0.735657 40.2081 0 22.744 -1.88282e-14 0 14.1092 9.13744 13.8013 0 0 0 0
26500.00 1701.39 0.677900 40.1563 -2.04458e-14 22.7147 -1.02162e-14 0 14.1893 8.85153 14.0883 -6.34408e-14 0 0 0
27500.00 1710.60 0.625237 40.1042 -4.43359e-14 22.6852 1.10767e-14 0 14.273 8.56629 14.3713 0 0 2.46141e-15 0
28500.00 1719.58 0.577110 40.052 0 22.6557 0 0 14.3603 8.28166 14.6504 -7.45205e-14 0 0 0
29500.00 1728.34 0.533036 39.9995 -2.60024e-14 22.626 0 0 14.4513 7.99762 14.9256 0 0 0 0
30500.00 1736.90 0.492596 39.9468 2.81371e-14 22.5962 -1.40593e-14 0 14.5461 7.71414 15.1968 8.7306e-14 0 0 0
31500.00 1746.18 0.583901 41.1322 0.320258 22.993 3.19028 0 8.96598 5.28131 15.7683 2.34864 0 2.63566e-15 0
32500.00 1755.80 0.614453 41.6173 0.415765 23.4649 4.41064 0 6.72453 4.20659 15.7727 3.38761 0 0 0
33500.00 1765.36 0.590317 41.7341 0.410376 23.8263 4.61268 0 6.25693 3.83348 15.6241 3.702 0 0 0
34500.00 1774.84 0.568242 40.9112 0.394281 25.9091 4.67137 0 5.68214 3.41756 15.0986 3.91575 0 0 0
35500.00 1784.04 0.549303 36.386 0.343731 34.5721 4.26939 0 4.71343 2.79797 13.2093 3.7081 0 0 0
36500.00 1793.15 0.524569 36.3774 0.333223 35.0156 4.32757 0 4.46439 2.60132 12.9855 3.89498 0 0 0
37500.00 1802.17 0.501364 36.3682 0.322752 35.4677 4.3717 0 4.2208 2.41779 12.7532 4.07784 0 0 0
38500.00 1811.10 0.479558 36.3566 0.312386 35.9296 4.4026 0 3.9824 2.24654 12.5136 4.2563 0 0 0
39500.00 1819.96 0.459034 36.341 0.302177 36.4024 4.42112 0 3.74895 2.08673 12.2676 4.43005 0 0 0
Title: Temperature in Celsius

Bulk Composition:
Pressure Temperature mass SiO2 TiO2 Al2O3 Fe2O3 Cr2O3 FeO MgO CaO Na2O K2O P2O5 H2O 
500.00 1421.32 100.350000 48.5102 1.00648 17.5785 0.886896 0.0298954 7.56353 9.06826 12.4066 2.64076 0.0298954 0.079721 0.199302
1500.00 1427.48 85.253314 49.1782 1.1847 18.0915 1.04395 0.0351892 7.48515 6.40696 13.3763 2.83553 0.0341306 0.093838 0.234595
2500.00 1433.25 83.508216 49.1828 1.20946 17.9185 1.06576 0.0359246 7.5897 6.38778 13.4064 2.83384 0.0345929 0.095799 0.239497
3500.00 1446.70 82.015842 49.1842 1.23147 17.773 1.08516 0.0365783 7.67943 6.36381 13.4391 2.83081 0.0349849 0.0975421 0.243855
4500.00 1457.79 78.446603 49.1474 1.24531 18.1431 1.09042 0.0382426 7.85641 6.04556 13.1154 2.92474 0.0364895 0.10198 0.25495
5500.00 1468.44 75.833468 49.1338 1.25314 18.4345 1.0911 0.0395604 7.98921 5.79493 12.857 2.99979 0.0376916 0.105494 0.263736
6500.00 1479.21 73.556967 49.1422 1.25483 18.7539 1.0855 0.0407847 8.09569 5.53218 12.5981 3.07725 0.0388581 0.108759 0.271898
7500.00 1489.99 71.329103 49.2025 1.2551 19.0314 1.0742 0.033639 8.19668 5.26915 12.3486 3.15614 0.0400718 0.112156 0.28039
8500.00 1500.74 69.194418 49.2858 1.25415 19.2838 1.05986 0.025884 8.2943 5.01381 12.102 3.23441 0.0413081 0.115616 0.289041
9500.00 1511.46 67.163608 49.3806 1.25224 19.5187 1.04342 0.0196402 8.38959 4.76915 11.8561 3.31112 0.0425571 0.119112 0.29778
10500.00 1522.15 65.231417 49.4854 1.24973 19.7367 1.02498 0.014717 8.48276 4.5353 11.6112 3.38605 0.0438177 0.12264 0.306601
11500.00 1532.80 63.392729 49.5991 1.24698 19.9386 1.00465 0.0109109 8.57402 4.31227 11.3677 3.45896 0.0450886 0.126197 0.315494
12500.00 1543.42 61.642607 49.7206 1.24431 20.1247 0.982567 0.00802352 8.6636 4.10001 11.126 3.52964 0.0463687 0.12978 0.324451
13500.00 1554.01 59.976338 49.8489 1.24202 20.2955 0.95886 0.00587297 8.75171 3.89841 10.8863 3.59786 0.0476569 0.133386 0.333465
14500.00 1567.29 58.389482 49.9832 1.24034 20.4513 0.933682 0.00429966 8.83859 3.70727 10.6493 3.66346 0.0489521 0.137011 0.342527
15500.00 1580.50 56.451803 50.2994 1.28291 20.3617 0.96573 0.00444724 8.68041 3.41051 10.659 3.78921 0.0506323 0.141714 0.354285
16500.00 1593.27 54.638432 50.6174 1.32549 20.2731 0.997781 0.00459484 8.52073 3.12367 10.6575 3.91497 0.0523128 0.146417 0.366043
17500.00 1605.63 52.998292 50.9253 1.36651 20.1886 1.02866 0.00473704 8.36542 2.85655 10.6459 4.03612 0.0539317 0.150948 0.377371
18500.00 1617.59 51.510501 51.223 1.40598 20.1081 1.05837 0.00487386 8.21451 2.60808 10.6253 4.1527 0.0554894 0.155308 0.38827
19500.00 1629.19 50.157374 51.5105 1.44391 20.0315 1.08692 0.00500534 8.06805 2.37725 10.5969 4.26473 0.0569864 0.159498 0.398745
20500.00 1640.43 48.923838 51.7877 1.48032 19.9587 1.11433 0.00513155 7.92603 2.16308 10.5617 4.37226 0.0584232 0.163519 0.408799
21500.00 1651.33 47.796959 52.0547 1.51522 19.8896 1.1406 0.00525253 7.78848 1.96464 10.5205 4.47534 0.0598006 0.167375 0.418437
22500.00 1661.92 46.765584 52.3114 1.54864 19.8241 1.16575 0.00536837 7.65538 1.78105 10.4744 4.57404 0.0611195 0.171066 0.427665
23500.00 1672.20 45.820035 52.558 1.58059 19.762 1.18981 0.00547915 7.52673 1.61145 10.424 4.66843 0.0623807 0.174596 0.43649
24500.00 1682.20 44.951876 52.7945 1.61112 19.7033 1.21279 0.00558497 7.40249 1.45501 10.3701 4.75859 0.0635855 0.177968 0.44492
25500.00 1691.92 44.153718 53.0211 1.64024 19.6478 1.23471 0.00568593 7.28264 1.31095 10.3133 4.84461 0.0647349 0.181185 0.452963
26500.00 1701.39 43.419061 53.2379 1.668 19.5954 1.25561 0.00578214 7.16713 1.17853 10.2543 4.92658 0.0658302 0.184251 0.460627
27500.00 1710.60 42.742162 53.4451 1.69441 19.5461 1.27549 0.00587371 7.05592 1.05701 10.1936 5.00461 0.0668728 0.187169 0.467922
28500.00 1719.58 42.117925 53.6428 1.71953 19.4995 1.29439 0.00596076 6.94895 0.945717 10.1316 5.07878 0.0678639 0.189943 0.474857
29500.00 1728.34 41.541814 53.8313 1.74337 19.4558 1.31235 0.00604343 6.84617 0.843981 10.069 5.14921 0.0688051 0.192577 0.481443
30500.00 1736.90 41.009778 54.0108 1.76599 19.4146 1.32937 0.00612183 6.74751 0.751174 10.006 5.21602 0.0696977 0.195075 0.487689
31500.00 1746.18 40.518183 54.1814 1.78742 19.376 1.3455 0.00619611 6.65289 0.666694 9.943 5.2793 0.0705433 0.197442 0.493606
32500.00 1755.80 39.936282 54.3715 1.80879 19.3233 1.31861 0.00628639 6.61921 0.599465 9.85811 5.32199 0.0715712 0.200319 0.500798
33500.00 1765.36 39.323829 54.5701 1.83048 19.2588 1.27037 0.0063843 6.61771 0.543337 9.76599 5.35206 0.0726859 0.203439 0.508597
34500.00 1774.84 38.735512 54.7651 1.85204 19.1894 1.21952 0.00648126 6.62336 0.493428 9.67702 5.37705 0.0737898 0.206529 0.516322
35500.00 1784.04 38.170270 54.9691 1.87361 19.0917 1.16819 0.00657724 6.63735 0.450112 9.59636 5.39851 0.0748826 0.209587 0.523968
36500.00 1793.15 37.623967 55.2383 1.89581 18.8681 1.12297 0.00667274 6.66542 0.416047 9.54367 5.42289 0.0759699 0.21263 0.531576
37500.00 1802.17 37.102398 55.5027 1.91776 18.6422 1.07773 0.00676654 6.69652 0.385362 9.49507 5.44419 0.0770378 0.215619 0.539049
38500.00 1811.10 36.604034 55.7624 1.93946 18.4143 1.03267 0.00685867 6.73041 0.357734 9.4505 5.4626 0.0780867 0.218555 0.546388
39500.00 1819.96 36.127476 56.0177 1.96091 18.1843 0.98801 0.00694914 6.76687 0.332871 9.4099 5.47831 0.0791167 0.221438 0.553595
