Title: Temperature in Celsius

Liquid Composition:
Pressure Temperature mass SiO2 TiO2 Al2O3 Fe2O3 Cr2O3 FeO MgO CaO Na2O K2O P2O5 H2O 
500.00 1421.32 85.251314 49.1783 1.18473 18.0916 1.04397 0.0351901 7.48515 6.40659 13.3764 2.83556 0.0341313 0.0938402 0.2346
1500.00 1427.48 83.506216 49.1829 1.20949 17.9185 1.06579 0.0359255 7.5897 6.3874 13.4065 2.83387 0.0345936 0.0958012 0.239503
2500.00 1433.25 82.013842 49.1843 1.2315 17.7731 1.08518 0.0365792 7.67943 6.36343 13.4393 2.83083 0.0349856 0.0975445 0.243861
3500.00 1446.70 78.444603 49.1474 1.24533 18.1431 1.09044 0.0382435 7.85655 6.04552 13.1153 2.92476 0.0364902 0.101983 0.254957
4500.00 1457.79 75.831468 49.1338 1.25316 18.4345 1.09112 0.0395614 7.98936 5.79489 12.8568 2.99981 0.0376924 0.105497 0.263743
5500.00 1468.44 73.555967 49.1422 1.25483 18.7541 1.0855 0.0407853 8.09574 5.53206 12.598 3.07728 0.0388587 0.108761 0.271902
6500.00 1479.21 71.327103 49.2032 1.25511 19.031 1.07414 0.0334847 8.19667 5.26884 12.3486 3.15622 0.040073 0.112159 0.280398
7500.00 1489.99 69.192418 49.2866 1.25416 19.2834 1.0598 0.0257471 8.29428 5.01349 12.102 3.23449 0.0413093 0.11562 0.289049
8500.00 1500.74 67.161608 49.3813 1.25225 19.5183 1.04336 0.0195193 8.38957 4.76883 11.8562 3.31121 0.0425584 0.119116 0.297789
9500.00 1511.46 65.229417 49.4862 1.24974 19.7363 1.02492 0.0146104 8.48273 4.53497 11.6113 3.38614 0.043819 0.122644 0.30661
10500.00 1522.15 63.390729 49.6 1.24699 19.9381 1.00459 0.0108171 8.57398 4.31194 11.3678 3.45906 0.04509 0.126201 0.315504
11500.00 1532.80 61.640607 49.7215 1.24432 20.1242 0.982502 0.00794117 8.66355 4.09968 11.126 3.52973 0.0463702 0.129785 0.324461
12500.00 1543.42 59.974338 49.8498 1.24203 20.295 0.958793 0.00580064 8.75165 3.89806 10.8864 3.59797 0.0476585 0.13339 0.333476
13500.00 1554.01 58.387482 49.9841 1.24035 20.4508 0.933614 0.00423599 8.83853 3.70692 10.6494 3.66357 0.0489538 0.137016 0.342539
14500.00 1567.29 56.450803 50.2996 1.28294 20.3617 0.965747 0.00444732 8.68033 3.41035 10.659 3.78928 0.0506332 0.141716 0.354291
15500.00 1580.50 54.637432 50.6176 1.32552 20.273 0.997799 0.00459493 8.52064 3.12351 10.6575 3.91504 0.0523137 0.14642 0.366049
16500.00 1593.27 52.997292 50.9255 1.36654 20.1885 1.02868 0.00473713 8.36532 2.85638 10.6459 4.0362 0.0539327 0.150951 0.377378
17500.00 1605.63 51.509501 51.2232 1.40601 20.108 1.05839 0.00487395 8.21441 2.60791 10.6253 4.15278 0.0554905 0.155311 0.388278
18500.00 1617.59 50.156374 51.5107 1.44394 20.0314 1.08694 0.00500544 8.06794 2.37707 10.5969 4.26481 0.0569875 0.159501 0.398753
19500.00 1629.19 48.922838 51.788 1.48035 19.9586 1.11435 0.00513165 7.92592 2.1629 10.5616 4.37235 0.0584244 0.163523 0.408807
20500.00 1640.43 47.795959 52.0549 1.51525 19.8896 1.14062 0.00525264 7.78836 1.96446 10.5205 4.47543 0.0598019 0.167378 0.418445
21500.00 1651.33 46.764584 52.3117 1.54867 19.824 1.16578 0.00536848 7.65525 1.78087 10.4743 4.57414 0.0611208 0.17107 0.427674
22500.00 1661.92 45.819035 52.5583 1.58063 19.762 1.18984 0.00547927 7.52659 1.61126 10.4239 4.66853 0.0623821 0.1746 0.4365
23500.00 1672.20 44.950876 52.7948 1.61116 19.7033 1.21282 0.0055851 7.40234 1.45483 10.37 4.7587 0.0635869 0.177972 0.44493
24500.00 1682.20 44.152718 53.0214 1.64028 19.6478 1.23474 0.00568606 7.28248 1.31077 10.3132 4.84472 0.0647364 0.181189 0.452973
25500.00 1691.92 43.418061 53.2382 1.66804 19.5954 1.25563 0.00578227 7.16697 1.17835 10.2542 4.9267 0.0658318 0.184255 0.460638
26500.00 1701.39 42.741162 53.4454 1.69445 19.546 1.27552 0.00587384 7.05575 1.05683 10.1935 5.00472 0.0668744 0.187173 0.467933
27500.00 1710.60 42.116925 53.6432 1.71957 19.4994 1.29443 0.0059609 6.94878 0.945536 10.1315 5.0789 0.0678655 0.189947 0.474868
28500.00 1719.58 41.540814 53.8316 1.74341 19.4557 1.31238 0.00604357 6.84599 0.843802 10.0689 5.14934 0.0688067 0.192582 0.481454
29500.00 1728.34 41.008778 54.0111 1.76603 19.4145 1.3294 0.00612198 6.74732 0.750997 10.0059 5.21614 0.0696994 0.19508 0.4877
30500.00 1736.90 40.517183 54.1817 1.78746 19.3759 1.34553 0.00619626 6.6527 0.666521 9.94287 5.27943 0.0705451 0.197447 0.493618
31500.00 1746.18 39.934282 54.3722 1.80887 19.3231 1.31853 0.0062867 6.61907 0.599222 9.85782 5.32215 0.0715748 0.200329 0.500823
32500.00 1755.80 39.321829 54.5708 1.83056 19.2586 1.27029 0.00638462 6.61756 0.543099 9.76569 5.35222 0.0726896 0.203449 0.508623
33500.00 1765.36 38.733512 54.7658 1.85212 19.1892 1.21944 0.0064816 6.62321 0.493194 9.67671 5.37721 0.0737937 0.206539 0.516349
34500.00 1774.84 38.167270 54.9713 1.87375 19.0894 1.16813 0.00657775 6.63737 0.449893 9.5963 5.39881 0.0748884 0.209604 0.524009
35500.00 1784.04 37.620967 55.2405 1.89595 18.8657 1.12291 0.00667327 6.66544 0.41583 9.54361 5.42319 0.0759759 0.212647 0.531618
36500.00 1793.15 37.099398 55.5049 1.9179 18.6398 1.07766 0.00676709 6.69654 0.385148 9.495 5.4445 0.077044 0.215637 0.539092
37500.00 1802.17 36.601034 55.7648 1.93961 18.4118 1.03261 0.00685923 6.73043 0.357522 9.45044 5.46291 0.0780931 0.218573 0.546433
38500.00 1811.10 36.124476 56.0201 1.96106 18.1818 0.987938 0.00694972 6.76689 0.33266 9.40984 5.47862 0.0791233 0.221456 0.553641
39500.00 1819.96 35.668442 56.2709 1.98226 17.9499 0.943828 0.00703857 6.80571 0.310299 9.37312 5.4918 0.0801349 0.224288 0.56072