Title: Temperature in Celsius

liquid_0 thermodynamic data and composition:
Pressure Temperature mass S H V Cp viscosity SiO2 TiO2 Al2O3 Fe2O3 Cr2O3 FeO MgO CaO Na2O K2O P2O5 H2O Mg#
500.00 1421.32 85.251314 223.762838 -1063976.438006 31.896276 128.871825 2.671 49.1783 1.18473 18.0916 1.04397 0.0351901 7.48515 6.40659 13.3764 2.83556 0.0341313 0.0938402 0.2346 60.4
1500.00 1427.48 83.506216 219.543319 -1037135.629490 31.068984 126.168025 2.634 49.1829 1.20949 17.9185 1.06579 0.0359255 7.5897 6.3874 13.4065 2.83387 0.0345936 0.0958012 0.239503 60.0
2500.00 1433.25 82.013842 215.926934 -1013895.274525 30.350813 123.851939 2.600 49.1843 1.2315 17.7731 1.08518 0.0365792 7.67943 6.36343 13.4393 2.83083 0.0349856 0.0975445 0.243861 59.6
3500.00 1446.70 78.444603 207.574257 -964450.454881 28.929061 118.241585 2.560 49.1474 1.24533 18.1431 1.09044 0.0382435 7.85655 6.04552 13.1153 2.92476 0.0364902 0.101983 0.254957 57.8
4500.00 1457.79 75.831468 201.444124 -927784.617523 27.864082 114.130769 2.528 49.1338 1.25316 18.4345 1.09112 0.0395614 7.98936 5.79489 12.8568 2.99981 0.0376924 0.105497 0.263743 56.3
5500.00 1468.44 73.555967 196.113860 -895900.027512 26.937216 110.536353 2.503 49.1422 1.25483 18.7541 1.0855 0.0407853 8.09574 5.53206 12.598 3.07728 0.0388587 0.108761 0.271902 54.9
6500.00 1479.21 71.327103 190.875943 -864897.802309 26.040214 107.009883 2.483 49.2032 1.25511 19.031 1.07414 0.0334847 8.19667 5.26884 12.3486 3.15622 0.040073 0.112159 0.280398 53.4
7500.00 1489.99 69.192418 185.842770 -835309.344173 25.186067 103.631421 2.464 49.2866 1.25416 19.2834 1.0598 0.0257471 8.29428 5.01349 12.102 3.23449 0.0413093 0.11562 0.289049 51.8
8500.00 1500.74 67.161608 181.038859 -807225.643856 24.376456 100.417524 2.445 49.3813 1.25225 19.5183 1.04336 0.0195193 8.38957 4.76883 11.8562 3.31121 0.0425584 0.119116 0.297789 50.3
9500.00 1511.46 65.229417 176.453494 -780563.941489 23.608755 97.359468 2.427 49.4862 1.24974 19.7363 1.02492 0.0146104 8.48273 4.53497 11.6113 3.38614 0.043819 0.122644 0.30661 48.8
10500.00 1522.15 63.390729 172.076123 -755244.318407 22.880478 94.448786 2.409 49.6 1.24699 19.9381 1.00459 0.0108171 8.57398 4.31194 11.3678 3.45906 0.04509 0.126201 0.315504 47.3
11500.00 1532.80 61.640607 167.896461 -731190.074227 22.189278 91.677322 2.391 49.7215 1.24432 20.1242 0.982502 0.00794117 8.66355 4.09968 11.126 3.52973 0.0463702 0.129785 0.324461 45.7
12500.00 1543.42 59.974338 163.904624 -708328.305138 21.532953 89.037310 2.374 49.8498 1.24203 20.295 0.958793 0.00580064 8.75165 3.89806 10.8864 3.59797 0.0476585 0.13339 0.333476 44.2
13500.00 1554.01 58.387482 160.091247 -686590.436822 20.909459 86.521441 2.356 49.9841 1.24035 20.4508 0.933614 0.00423599 8.83853 3.70692 10.6494 3.66357 0.0489538 0.137016 0.342539 42.8
14500.00 1567.29 56.450803 155.473444 -661180.522395 20.195519 83.476270 2.343 50.2996 1.28294 20.3617 0.965747 0.00444732 8.68033 3.41035 10.659 3.78928 0.0506332 0.141716 0.354291 41.2
15500.00 1580.50 54.637432 151.138099 -637422.122264 19.528200 80.622680 2.331 50.6176 1.32552 20.273 0.997799 0.00459493 8.52064 3.12351 10.6575 3.91504 0.0523137 0.14642 0.366049 39.5
16500.00 1593.27 52.997292 147.207254 -615892.688041 18.923018 78.037089 2.319 50.9255 1.36654 20.1885 1.02868 0.00473713 8.36532 2.85638 10.6459 4.0362 0.0539327 0.150951 0.377378 37.8
17500.00 1605.63 51.509501 143.633423 -596319.259049 18.372470 75.686548 2.307 51.2232 1.40601 20.108 1.05839 0.00487395 8.21441 2.60791 10.6253 4.15278 0.0554905 0.155311 0.388278 36.1
18500.00 1617.59 50.156374 140.376247 -578470.921589 17.870206 73.543172 2.295 51.5107 1.44394 20.0314 1.08694 0.00500544 8.06794 2.37707 10.5969 4.26481 0.0569875 0.159501 0.398753 34.4
19500.00 1629.19 48.922838 137.401197 -562151.028557 17.410810 71.583198 2.283 51.788 1.48035 19.9586 1.11435 0.00513165 7.92592 2.1629 10.5616 4.37235 0.0584244 0.163523 0.408807 32.7
20500.00 1640.43 47.795959 134.678552 -547191.077530 16.989641 69.786249 2.271 52.0549 1.51525 19.8896 1.14062 0.00525264 7.78836 1.96446 10.5205 4.47543 0.0598019 0.167378 0.418445 31.0
21500.00 1651.33 46.764584 132.182583 -533445.850737 16.602691 68.134754 2.258 52.3117 1.54867 19.824 1.16578 0.00536848 7.65525 1.78087 10.4743 4.57414 0.0611208 0.17107 0.427674 29.3
22500.00 1661.92 45.819035 129.890899 -520789.524775 16.246488 66.613471 2.246 52.5583 1.58063 19.762 1.18984 0.00547927 7.52659 1.61126 10.4239 4.66853 0.0623821 0.1746 0.4365 27.6
23500.00 1672.20 44.950876 127.783917 -509112.532461 15.918002 65.209116 2.233 52.7948 1.61116 19.7033 1.21282 0.0055851 7.40234 1.45483 10.37 4.7587 0.0635869 0.177972 0.44493 25.9
24500.00 1682.20 44.152718 125.844429 -498319.013144 15.614581 63.910052 2.221 53.0214 1.64028 19.6478 1.23474 0.00568606 7.28248 1.31077 10.3132 4.84472 0.0647364 0.181189 0.452973 24.3
25500.00 1691.92 43.418061 124.057247 -488324.727097 15.333893 62.706040 2.208 53.2382 1.66804 19.5954 1.25563 0.00578227 7.16697 1.17835 10.2542 4.9267 0.0658318 0.184255 0.460638 22.6
26500.00 1701.39 42.741162 122.408913 -479055.338712 15.073876 61.588032 2.194 53.4454 1.69445 19.546 1.27552 0.00587384 7.05575 1.05683 10.1935 5.00472 0.0668744 0.187173 0.467933 21.0
27500.00 1710.60 42.116925 120.887452 -470444.994879 14.832703 60.547995 2.181 53.6432 1.71957 19.4994 1.29443 0.0059609 6.94878 0.945536 10.1315 5.0789 0.0678655 0.189947 0.474868 19.5
28500.00 1719.58 41.540814 119.482172 -462435.141177 14.608747 59.578778 2.167 53.8316 1.74341 19.4557 1.31238 0.00604357 6.84599 0.843802 10.0689 5.14934 0.0688067 0.192582 0.481454 18.0
29500.00 1728.34 41.008778 118.183492 -454973.530875 14.400555 58.673982 2.153 54.0111 1.76603 19.4145 1.3294 0.00612198 6.74732 0.750997 10.0059 5.21614 0.0696994 0.19508 0.4877 16.5
30500.00 1736.90 40.517183 116.982796 -448013.391226 14.206826 57.827869 2.139 54.1817 1.78746 19.3759 1.34553 0.00619626 6.6527 0.666521 9.94287 5.27943 0.0705451 0.197447 0.493618 15.1
31500.00 1746.18 39.934282 115.532231 -439997.290405 13.981527 56.844550 2.123 54.3722 1.80887 19.3231 1.31853 0.0062867 6.61907 0.599222 9.85782 5.32215 0.0715748 0.200329 0.500823 13.9
32500.00 1755.80 39.321829 113.994398 -431655.970066 13.746446 55.816517 2.105 54.5708 1.83056 19.2586 1.27029 0.00638462 6.61756 0.543099 9.76569 5.35222 0.0726896 0.203449 0.508623 12.7
33500.00 1765.36 38.733512 112.511855 -423622.218038 13.520374 54.823487 2.086 54.7658 1.85212 19.1892 1.21944 0.0064816 6.62321 0.493194 9.67671 5.37721 0.0737937 0.206539 0.516349 11.7
34500.00 1774.84 38.167270 111.080678 -415837.259539 13.302677 53.860896 2.068 54.9713 1.87375 19.0894 1.16813 0.00657775 6.63737 0.449893 9.5963 5.39881 0.0748884 0.209604 0.524009 10.7
35500.00 1784.04 37.620967 109.699171 -408160.843495 13.092956 52.920812 2.050 55.2405 1.89595 18.8657 1.12291 0.00667327 6.66544 0.41583 9.54361 5.42319 0.0759759 0.212647 0.531618 10.0
36500.00 1793.15 37.099398 108.376511 -400801.174203 12.892388 52.016950 2.033 55.5049 1.9179 18.6398 1.07766 0.00676709 6.69654 0.385148 9.495 5.4445 0.077044 0.215637 0.539092 9.3
37500.00 1802.17 36.601034 107.109199 -393738.150162 12.700415 51.146936 2.015 55.7648 1.93961 18.4118 1.03261 0.00685923 6.73043 0.357522 9.45044 5.46291 0.0780931 0.218573 0.546433 8.6
38500.00 1811.10 36.124476 105.894034 -386953.415059 12.516527 50.308595 1.997 56.0201 1.96106 18.1818 0.987938 0.00694972 6.76689 0.33266 9.40984 5.47862 0.0791233 0.221456 0.553641 8.0
39500.00 1819.96 35.668442 104.728078 -380430.175562 12.340256 49.499932 1.978 56.2709 1.98226 17.9499 0.943828 0.00703857 6.80571 0.310299 9.37312 5.4918 0.0801349 0.224288 0.56072 7.5

olivine_0 thermodynamic data and composition:
Pressure Temperature mass S H V Cp formula SiO2 TiO2 Al2O3 Fe2O3 Cr2O3 FeO MgO CaO Na2O K2O P2O5 H2O
500.00 1421.32 8.123276 19.378835 -100974.179750 2.486000 10.097599 (Ca0.01Mg0.84Fe''0.16Mn0.00Co0.00Ni0.00)2SiO4 39.8594 0 0 0 0 14.8809 44.7886 0.471169 0 0 0 0
1500.00 1427.48 0.287564 0.686916 -3556.615960 0.087878 0.357142 (Ca0.01Mg0.84Fe''0.16Mn0.00Co0.00Ni0.00)2SiO4 39.8166 0 0 0 0 15.1144 44.6067 0.462293 0 0 0 0
2500.00 1433.25 0.259753 0.621215 -3197.134751 0.079269 0.322326 (Ca0.01Mg0.84Fe''0.16Mn0.00Co0.00Ni0.00)2SiO4 39.777 0 0 0 0 15.3315 44.4384 0.453108 0 0 0 0

clinopyroxene_0 thermodynamic data and composition:
Pressure Temperature mass S H V Cp structure formula SiO2 TiO2 Al2O3 Fe2O3 Cr2O3 FeO MgO CaO Na2O K2O P2O5 H2O
3500.00 1446.70 3.147223 7.322583 -40646.077407 0.972575 3.732917 cpx Na0.03Ca0.84Fe''0.13Mg0.83Fe'''0.03Ti0.03Al0.29Si1.82O6 49.8436 1.05198 6.72489 1.09977 0 4.29933 15.1547 21.4471 0.378674 0 0 0
4500.00 1457.79 2.362890 5.516958 -30370.472973 0.728555 2.800346 cpx Na0.03Ca0.84Fe''0.14Mg0.80Fe'''0.03Ti0.03Al0.32Si1.81O6 49.3664 1.12619 7.38993 1.18456 0 4.42817 14.7356 21.3347 0.434394 0 0 0
5500.00 1468.44 2.277501 5.335049 -29136.026276 0.700592 2.696830 cpx Na0.04Ca0.83Fe''0.14Mg0.78Fe'''0.04Ti0.03Al0.35Si1.79O6 48.8628 1.19867 8.11393 1.27199 0 4.54878 14.2848 21.222 0.497032 0 0 0
6500.00 1479.21 2.174633 5.110816 -27691.097144 0.667449 2.573088 cpx Na0.04Ca0.83Fe''0.14Mg0.76Fe'''0.04Ti0.03Al0.38Si1.78O6 48.3895 1.25761 8.8238 1.35435 0 4.66942 13.8404 21.1001 0.564912 0 0 0
7500.00 1489.99 2.071784 4.884960 -26260.940076 0.634498 2.449788 cpx Na0.05Ca0.83Fe''0.15Mg0.73Fe'''0.04Ti0.04Al0.41Si1.76O6 47.9374 1.30395 9.53266 1.43432 0 4.78661 13.3982 20.9685 0.638368 0 0 0
8500.00 1500.74 1.974009 4.669431 -24909.409317 0.603278 2.332883 cpx Na0.05Ca0.82Fe''0.15Mg0.71Fe'''0.04Ti0.04Al0.44Si1.75O6 47.5049 1.33755 10.2444 1.51223 0 4.89892 12.9579 20.8265 0.717642 0 0 0
9500.00 1511.46 1.881784 4.465509 -23641.430999 0.573923 2.222911 cpx Na0.06Ca0.81Fe''0.15Mg0.69Fe'''0.04Ti0.04Al0.47Si1.73O6 47.0943 1.35799 10.957 1.58741 0 5.00589 12.5212 20.6733 0.802885 0 0 0
10500.00 1522.15 1.794713 4.272402 -22450.890498 0.546296 2.119372 cpx Na0.06Ca0.81Fe''0.16Mg0.66Fe'''0.05Ti0.04Al0.51Si1.72O6 46.7072 1.36547 11.6688 1.65925 0 5.107 12.0892 20.5088 0.894212 0 0 0
11500.00 1532.80 1.712423 4.089351 -21332.046400 0.520271 2.021793 cpx Na0.07Ca0.80Fe''0.16Mg0.64Fe'''0.05Ti0.04Al0.54Si1.71O6 46.3443 1.3607 12.3785 1.72712 0 5.20168 11.6631 20.333 0.991677 0 0 0
12500.00 1543.42 1.634543 3.915591 -20279.259971 0.495720 1.929700 cpx Na0.08Ca0.79Fe''0.16Mg0.62Fe'''0.05Ti0.04Al0.57Si1.69O6 46.0056 1.34482 13.0848 1.79046 0 5.28935 11.2437 20.146 1.09525 0 0 0
13500.00 1554.01 1.560702 3.750331 -19286.929971 0.472518 1.842616 cpx Na0.09Ca0.79Fe''0.17Mg0.59Fe'''0.05Ti0.04Al0.60Si1.68O6 45.6911 1.31929 13.7863 1.84872 0 5.3695 10.8319 19.9484 1.2048 0 0 0
31500.00 1746.18 0.316386 0.798986 -3618.556444 0.093246 0.375057 cpx Na0.31Ca0.63Fe''0.13Mg0.19Fe'''0.16Ti0.02Al1.01Si1.55O6 42.1774 0.591048 23.3528 5.88778 0 4.12232 3.42706 16.1072 4.3345 0 0 0
32500.00 1755.80 0.462736 1.171463 -5280.874370 0.136305 0.549264 cpx Na0.32Ca0.62Fe''0.12Mg0.18Fe'''0.16Ti0.02Al1.03Si1.55O6 42.1976 0.552083 23.7681 5.85675 0 4.0544 3.20497 15.8678 4.49831 0 0 0
33500.00 1765.36 0.469185 1.190703 -5343.661393 0.138142 0.557672 cpx Na0.33Ca0.61Fe''0.12Mg0.16Fe'''0.16Ti0.01Al1.04Si1.55O6 42.2334 0.516326 24.1653 5.80357 0 3.98785 3.00097 15.6348 4.65777 0 0 0
34500.00 1774.84 0.462387 1.176295 -5255.520870 0.136088 0.550322 cpx Na0.34Ca0.60Fe''0.12Mg0.15Fe'''0.16Ti0.01Al1.06Si1.55O6 42.2944 0.484544 24.5115 5.74078 0 3.92713 2.82094 15.4085 4.81219 0 0 0
35500.00 1784.04 0.410674 1.047183 -4655.387686 0.120823 0.489298 cpx Na0.35Ca0.60Fe''0.12Mg0.15Fe'''0.16Ti0.01Al1.06Si1.55O6 42.418 0.459763 24.688 5.71059 0 3.88755 2.6875 15.1887 4.95982 0 0 0
36500.00 1793.15 0.400224 1.022892 -4525.225544 0.117708 0.477363 cpx Na0.36Ca0.59Fe''0.12Mg0.14Fe'''0.16Ti0.01Al1.07Si1.56O6 42.5475 0.436752 24.856 5.6721 0 3.84734 2.56277 14.9725 5.10511 0 0 0
37500.00 1802.17 0.389568 0.997924 -4393.650368 0.114539 0.465160 cpx Na0.37Ca0.58Fe''0.12Mg0.13Fe'''0.15Ti0.01Al1.08Si1.56O6 42.682 0.415374 25.0159 5.62627 0 3.80652 2.44622 14.7597 5.24807 0 0 0
38500.00 1811.10 0.378781 0.972470 -4261.452193 0.111337 0.452773 cpx Na0.38Ca0.57Fe''0.11Mg0.13Fe'''0.15Ti0.01Al1.08Si1.56O6 42.8212 0.395498 25.1679 5.57395 0 3.76511 2.33737 14.5503 5.38872 0 0 0
39500.00 1819.96 0.367923 0.946688 -4129.281145 0.108118 0.440276 cpx Na0.39Ca0.56Fe''0.11Mg0.12Fe'''0.15Ti0.01Al1.09Si1.57O6 42.9644 0.377007 25.3123 5.51595 0 3.72314 2.23576 14.3443 5.5271 0 0 0

garnet_0 thermodynamic data and composition:
Pressure Temperature mass S H V Cp formula SiO2 TiO2 Al2O3 Fe2O3 Cr2O3 FeO MgO CaO Na2O K2O P2O5 H2O
14500.00 1567.29 1.938679 4.622616 -23352.201420 0.528194 2.275243 (Ca0.27Fe''0.28Mg0.45)3Al2Si3O12 40.7698 0 23.0617 0 0 13.4471 12.353 10.3684 0 0 0 0
15500.00 1580.50 1.814371 4.337730 -21759.644018 0.494170 2.126900 (Ca0.28Fe''0.28Mg0.44)3Al2Si3O12 40.719 0 23.033 0 0 13.4917 12.0532 10.7032 0 0 0 0
16500.00 1593.27 1.641140 3.933236 -19596.604800 0.446836 1.921505 (Ca0.29Fe''0.28Mg0.43)3Al2Si3O12 40.6681 0 23.0042 0 0 13.5394 11.7553 11.0331 0 0 0 0
17500.00 1605.63 1.488791 3.576227 -17700.404682 0.405208 1.740930 (Ca0.30Fe''0.28Mg0.42)3Al2Si3O12 40.6173 0 22.9754 0 0 13.59 11.4591 11.3582 0 0 0 0
18500.00 1617.59 1.354127 3.259578 -16029.732628 0.368414 1.581381 (Ca0.31Fe''0.28Mg0.41)3Al2Si3O12 40.5664 0 22.9467 0 0 13.6437 11.1645 11.6787 0 0 0 0
19500.00 1629.19 1.234537 2.977457 -14550.945626 0.335740 1.439758 (Ca0.32Fe''0.28Mg0.40)3Al2Si3O12 40.5155 0 22.9179 0 0 13.7005 10.8714 11.9947 0 0 0 0
20500.00 1640.43 1.127878 2.725057 -13236.430892 0.306601 1.313517 (Ca0.33Fe''0.28Mg0.39)3Al2Si3O12 40.4646 0 22.8891 0 0 13.7604 10.5797 12.3062 0 0 0 0
21500.00 1651.33 1.032375 2.498385 -12063.360264 0.280512 1.200547 (Ca0.33Fe''0.29Mg0.38)3Al2Si3O12 40.4135 0 22.8602 0 0 13.8235 10.2892 12.6135 0 0 0 0
22500.00 1661.92 0.946549 2.294104 -11012.733403 0.257069 1.099092 (Ca0.34Fe''0.29Mg0.37)3Al2Si3O12 40.3624 0 22.8313 0 0 13.8899 9.99988 12.9165 0 0 0 0
23500.00 1672.20 0.869159 2.109406 -10068.636021 0.235933 1.007675 (Ca0.35Fe''0.29Mg0.36)3Al2Si3O12 40.3111 0 22.8023 0 0 13.9596 9.71153 13.2155 0 0 0 0
24500.00 1682.20 0.799157 1.941915 -9217.659799 0.216819 0.925052 (Ca0.36Fe''0.29Mg0.35)3Al2Si3O12 40.2597 0 22.7732 0 0 14.0327 9.42408 13.5104 0 0 0 0
25500.00 1691.92 0.735657 1.789612 -8448.445108 0.199482 0.850166 (Ca0.37Fe''0.29Mg0.34)3Al2Si3O12 40.2081 0 22.744 0 0 14.1092 9.13744 13.8013 0 0 0 0
26500.00 1701.39 0.677900 1.650767 -7751.317791 0.183717 0.782117 (Ca0.38Fe''0.30Mg0.33)3Al2Si3O12 40.1563 0 22.7147 0 0 14.1893 8.85153 14.0883 0 0 0 0
27500.00 1710.60 0.625237 1.523896 -7117.998564 0.169346 0.720131 (Ca0.38Fe''0.30Mg0.32)3Al2Si3O12 40.1042 0 22.6852 0 0 14.273 8.56629 14.3713 0 0 0 0
28500.00 1719.58 0.577110 1.407717 -6541.369021 0.156217 0.663545 (Ca0.39Fe''0.30Mg0.31)3Al2Si3O12 40.052 0 22.6557 0 0 14.3603 8.28166 14.6504 0 0 0 0
29500.00 1728.34 0.533036 1.301120 -6015.281987 0.144196 0.611782 (Ca0.40Fe''0.30Mg0.30)3Al2Si3O12 39.9995 0 22.626 0 0 14.4513 7.99762 14.9256 0 0 0 0
30500.00 1736.90 0.492596 1.203137 -5534.406900 0.133170 0.564343 (Ca0.41Fe''0.30Mg0.29)3Al2Si3O12 39.9468 0 22.5962 0 0 14.5461 7.71414 15.1968 0 0 0 0
31500.00 1746.18 0.267516 0.654021 -2991.056760 0.072261 0.305967 (Ca0.41Fe''0.31Mg0.28)3Al2Si3O12 39.8962 0 22.5675 0 0 14.6945 7.4743 15.3675 0 0 0 0
32500.00 1755.80 0.151717 0.371341 -1687.789959 0.040944 0.173249 (Ca0.42Fe''0.31Mg0.27)3Al2Si3O12 39.8476 0 22.5401 0 0 14.8684 7.26152 15.4824 0 0 0 0
33500.00 1765.36 0.121132 0.296818 -1340.732324 0.032660 0.138107 (Ca0.42Fe''0.32Mg0.26)3Al2Si3O12 39.8001 0 22.5132 0 0 15.0458 7.05807 15.5828 0 0 0 0
34500.00 1774.84 0.092845 0.227765 -1022.503687 0.025010 0.105695 (Ca0.42Fe''0.32Mg0.26)3Al2Si3O12 39.7552 0 22.4878 0 0 15.2186 6.86771 15.6708 0 0 0 0
35500.00 1784.04 0.064631 0.158736 -708.452749 0.017396 0.073476 (Ca0.43Fe''0.32Mg0.25)3Al2Si3O12 39.7172 0 22.4663 0 0 15.3578 6.70341 15.7553 0 0 0 0
36500.00 1793.15 0.051763 0.127279 -564.763630 0.013922 0.058769 (Ca0.43Fe''0.33Mg0.25)3Al2Si3O12 39.6806 0 22.4456 0 0 15.4955 6.54703 15.8313 0 0 0 0
37500.00 1802.17 0.040513 0.099731 -439.977635 0.010888 0.045936 (Ca0.43Fe''0.33Mg0.24)3Al2Si3O12 39.6454 0 22.4257 0 0 15.6312 6.39859 15.8991 0 0 0 0
38500.00 1811.10 0.030679 0.075610 -331.652186 0.008239 0.034742 (Ca0.43Fe''0.33Mg0.24)3Al2Si3O12 39.6117 0 22.4066 0 0 15.7645 6.25813 15.959 0 0 0 0
39500.00 1819.96 0.022086 0.054495 -237.671731 0.005927 0.024980 (Ca0.43Fe''0.34Mg0.23)3Al2Si3O12 39.5795 0 22.3884 0 0 15.8952 6.12567 16.0112 0 0 0 0

spinel_0 thermodynamic data and composition:
Pressure Temperature mass S H V Cp formula SiO2 TiO2 Al2O3 Fe2O3 Cr2O3 FeO MgO CaO Na2O K2O P2O5 H2O
6500.00 1479.21 0.055231 0.129444 -640.993000 0.014366 0.066503 Fe''0.28Mg0.74Fe'''0.10Al1.63Cr0.23Ti0.02O4 0 0.790613 51.8856 5.17383 11.0742 12.5866 18.4892 0 0 0 0 0
7500.00 1489.99 0.064901 0.152907 -758.004205 0.016929 0.078499 Fe''0.29Mg0.73Fe'''0.10Al1.67Cr0.20Ti0.01O4 0 0.700041 53.5087 4.93279 9.52124 13.0054 18.3318 0 0 0 0 0
8500.00 1500.74 0.058801 0.139193 -689.614997 0.015368 0.071377 Fe''0.30Mg0.71Fe'''0.09Al1.71Cr0.17Ti0.01O4 0 0.625791 54.8889 4.72381 8.1645 13.4646 18.1324 0 0 0 0 0
9500.00 1511.46 0.052408 0.124588 -615.998847 0.013713 0.063791 Fe''0.31Mg0.70Fe'''0.09Al1.74Cr0.15Ti0.01O4 0 0.564417 56.0553 4.54085 6.98529 13.9588 17.8954 0 0 0 0 0
10500.00 1522.15 0.045975 0.109720 -540.691046 0.012037 0.056076 Fe''0.32Mg0.69Fe'''0.09Al1.77Cr0.12Ti0.01O4 0 0.513331 57.0329 4.37908 5.96645 14.4831 17.6252 0 0 0 0 0
11500.00 1532.80 0.039700 0.095078 -466.462800 0.010394 0.048489 Fe''0.33Mg0.68Fe'''0.08Al1.79Cr0.11Ti0.01O4 0 0.470564 57.8434 4.23464 5.09255 15.0334 17.3255 0 0 0 0 0
12500.00 1543.42 0.033726 0.081030 -395.390313 0.008826 0.041227 Fe''0.34Mg0.67Fe'''0.08Al1.81Cr0.09Ti0.01O4 0 0.434599 58.5053 4.10445 4.34987 15.6058 17 0 0 0 0 0
13500.00 1554.01 0.028154 0.067844 -328.964559 0.007361 0.034429 Fe''0.36Mg0.65Fe'''0.08Al1.83Cr0.08Ti0.01O4 0 0.40425 59.0349 3.98605 3.72626 16.1966 16.652 0 0 0 0 0

feldspar_0 thermodynamic data and composition:
Pressure Temperature mass S H V Cp formula SiO2 TiO2 Al2O3 Fe2O3 Cr2O3 FeO MgO CaO Na2O K2O P2O5 H2O
500.00 1421.32 6.975410 16.858327 -96534.975268 2.625682 8.568650 K0.00Na0.29Ca0.70Al1.70Si2.30O8 50.4199 0 31.7788 0 0 0 0 14.4531 3.33527 0.0129404 0 0
1500.00 1427.48 1.459535 3.537406 -20130.437553 0.549238 1.793760 K0.00Na0.31Ca0.69Al1.69Si2.31O8 50.7546 0 31.553 0 0 0 0 14.1887 3.48929 0.0143658 0 0
2500.00 1433.25 1.234621 2.999982 -16971.280433 0.464417 1.517967 K0.00Na0.32Ca0.68Al1.68Si2.32O8 51.061 0 31.3464 0 0 0 0 13.9467 3.63017 0.0157877 0 0
3500.00 1446.70 0.424016 1.034916 -5806.024140 0.159341 0.521822 K0.00Na0.32Ca0.68Al1.68Si2.32O8 51.1023 0 31.3184 0 0 0 0 13.914 3.64907 0.0161819 0 0
4500.00 1457.79 0.252245 0.617942 -3441.212789 0.094702 0.310658 K0.00Na0.32Ca0.67Al1.67Si2.33O8 51.1787 0 31.2669 0 0 0 0 13.8536 3.68413 0.0166625 0 0

corundum thermodynamic data and composition:
Pressure Temperature mass S H V Cp formula
34500.00 1774.84 0.013009 0.032105 -179.986245 0.003358 0.016934 Al2O3
35500.00 1784.04 0.073998 0.183054 -1021.115756 0.019102 0.096334 Al2O3
36500.00 1793.15 0.072583 0.179969 -998.963820 0.018736 0.094498 Al2O3
37500.00 1802.17 0.071283 0.177149 -978.516713 0.018400 0.092813 Al2O3
38500.00 1811.10 0.070098 0.174593 -959.736779 0.018093 0.091274 Al2O3
39500.00 1819.96 0.069025 0.172297 -942.576844 0.017815 0.089881 Al2O3
